,Motif_ID,x,N,n,M,pvalues,FoldEn,SScore,FDR,clasification,speciesOrigin,Bibliography,tf,tffamily,tfsubfamily
0,M06770_2.00,42,499,994,27655,2.2216466137043738e-07,1.227572097482501,8.167436151222937,0.00030614290336846274,True,A. thaliana,OMalley2016,GBF3,bZIP,.
1,M07023_2.00,43,499,1123,27655,1.9490188043618994e-06,1.085479258567524,6.198286262840945,0.0006237953963260712,True,A. thaliana,OMalley2016,AT1G49010,Myb/SANT,MYB
2,M06765_2.00,39,499,974,27655,2.0689765251232796e-06,1.149980973045933,6.536772948540373,0.0006237953963260712,True,A. thaliana,OMalley2016,BZIP16,bZIP,.
3,M07013_2.00,41,499,1063,27655,2.801031953084747e-06,1.095982839353006,6.085644115211789,0.0006237953963260712,True,A. thaliana,OMalley2016,AT1G19000,Myb/SANT,MYB-related
4,M07271_2.00,36,499,862,27655,2.01326077199566e-06,1.2107376586192415,6.896482739155785,0.0006237953963260712,True,A. thaliana,OMalley2016,STKL2,Storekeeper,.
5,M02353_2.00,29,499,624,27655,2.65196466461925e-06,1.3649354925313508,7.611470322744141,0.0006237953963260712,True,C. sativa,Zoo_01,PK17526.1,Myb/SANT,MYB-related
6,M06771_2.00,36,499,883,27655,3.3802104434734746e-06,1.1760120900598736,6.434028308085795,0.0006237953963260712,True,A. thaliana,OMalley2016,GBF3,bZIP,.
7,M09781_2.00,23,499,435,27655,3.621453679686915e-06,1.5510470815869493,8.439428744682436,0.0006237953963260712,True,A. thaliana,Transfac,PIF3,bHLH,.
8,M06752_2.00,37,499,938,27655,5.111629707113026e-06,1.1283659693796002,5.970681518449989,0.0007826473040446389,True,A. thaliana,OMalley2016,BZIP68,bZIP,.
9,M02307_2.00,17,499,270,27655,7.189398438515753e-06,1.8030039604655355,9.273403696827854,0.0008255825873562257,True,A. thaliana,Zoo_01,SRM1,Myb/SANT,MYB-related
10,M01269_2.00,17,499,270,27655,7.189398438515753e-06,1.8030039604655355,9.273403696827854,0.0008255825873562257,True,A. thaliana,TF_Evolution,AT1G49010,Myb/SANT,MYB-related
11,M07146_2.00,44,499,1226,27655,7.171436064898074e-06,0.9920450712125428,5.1034705821894155,0.0008255825873562257,True,A. thaliana,OMalley2016,AT5G58900,Myb/SANT,MYB-related
12,M06777_2.00,38,499,1013,27655,1.1359845150871835e-05,1.0558657709084742,5.220863020661241,0.0012041435859924147,True,A. thaliana,OMalley2016,DPBF3,bZIP,.
13,M07122_2.00,39,499,1067,27655,1.53558513304558e-05,1.0184144743038506,4.9023683368056705,0.0012073591936448687,True,A. thaliana,OMalley2016,SRM1,Myb/SANT,MYB-related
14,M01280_2.00,14,499,200,27655,1.4030664081968853e-05,1.9558554485489066,9.491613491099889,0.0012073591936448687,True,C. sativa,TF_Evolution,PK19621.1,Myb/SANT,MYB-related
15,M06764_2.00,36,499,943,27655,1.3241192789693702e-05,1.081167757033243,5.2740151263490676,0.0012073591936448687,True,A. thaliana,OMalley2016,BZIP16,bZIP,.
16,M06778_2.00,38,499,1024,27655,1.4240618561747622e-05,1.0402842297096127,5.041707503013903,0.0012073591936448687,True,A. thaliana,OMalley2016,DPBF3,bZIP,.
17,M06767_2.00,37,499,990,27655,1.577101994601425e-05,1.0505253669280052,5.044770115602787,0.0012073591936448687,True,A. thaliana,OMalley2016,ABI5,bZIP,.
18,M02312_2.00,19,499,359,27655,2.3445096443794682e-05,1.5524441958865614,7.187735863229506,0.0017003864683973195,True,A. thaliana,Zoo_01,KUA1,Myb/SANT,MYB-related
19,M06716_2.00,131,499,5329,27655,2.607521203256631e-05,0.4461306000434428,2.0449610203613835,0.0017965821090438186,True,A. thaliana,OMalley2016,BPC1,BBR,.
20,GBF2-MEME,32,499,829,27655,3.092277997411047e-05,1.0971284247702764,4.94774361220168,0.001936890491105647,True,.,.,GBF2-MEME,.,.
21,M07012_2.00,38,499,1062,27655,3.0019863245067952e-05,0.9877161789054589,4.467036588212387,0.001936890491105647,True,A. thaliana,OMalley2016,AT1G19000,Myb/SANT,MYB-related
22,M06772_2.00,34,499,916,27655,3.792659447815091e-05,1.0406157694194222,4.600620749168583,0.0022722977039518243,True,A. thaliana,OMalley2016,BZIP28,bZIP,.
23,M02358_2.00,18,499,345,27655,4.48374788839251e-05,1.531829166042808,6.660942856999829,0.002574418579252033,True,C. sativa,Zoo_01,PK29550.1,Myb/SANT,MYB-related
24,M07121_2.00,32,499,851,27655,4.935256022789478e-05,1.0593413945800643,4.56225532200929,0.0027203131197615603,True,A. thaliana,OMalley2016,SRM1,Myb/SANT,MYB
25,M06760_2.00,30,499,780,27655,5.612727833888071e-05,1.0919169981249348,4.6415491835878155,0.0029747457519606777,True,A. thaliana,OMalley2016,AtbZIP48,bZIP,.
26,M06756_2.00,30,499,791,27655,7.095208873423751e-05,1.0717134274017537,4.44657632196265,0.003621184380584418,True,A. thaliana,OMalley2016,BZIP44,bZIP,.
27,M06781_2.00,31,499,836,27655,8.051809903157236e-05,1.0391938945720196,4.254570465028967,0.003962640730910954,True,A. thaliana,OMalley2016,BZIP11,bZIP,.
28,M01783_2.00,24,499,575,27655,8.879167097305183e-05,1.2099010711554459,4.902068779976409,0.004219135262098808,True,A. thaliana,Zoo_01,GBF1,bZIP,.
29,M06776_2.00,28,499,727,27655,9.338004231793171e-05,1.0939000844040367,4.408139416882853,0.0042892566104703305,True,A. thaliana,OMalley2016,ATBZIP42,bZIP,.
30,M09780_2.00,20,499,437,27655,0.00010067465295582142,1.342795341652791,5.367260214626254,0.004475150702358772,True,A. thaliana,Transfac,PIF3,bHLH,.
31,M02346_2.00,25,499,629,27655,0.00013283937407249788,1.1392966991614624,4.416680957048284,0.0052918613759667344,True,C. sativa,Zoo_01,PK00738.1,Myb/SANT,MYB-related
32,M06791_2.00,29,499,786,27655,0.00014208916611811986,1.0319522091349929,3.970373211153912,0.0052918613759667344,True,A. thaliana,OMalley2016,AtbZIP3,bZIP,.
33,M07022_2.00,40,499,1234,27655,0.00013959070779591152,0.8451581320039714,3.2582058711629087,0.0052918613759667344,True,A. thaliana,OMalley2016,AT1G49010,Myb/SANT,MYB
34,M01778_2.00,24,499,594,27655,0.00014060456144464415,1.1630000961864175,4.479877056512656,0.0052918613759667344,True,A. thaliana,Zoo_01,BZIP17,bZIP,.
35,M06775_2.00,27,499,707,27655,0.00013844069763856628,1.0816778136200964,4.173909358705604,0.0052918613759667344,True,A. thaliana,OMalley2016,ATBZIP42,bZIP,.
36,1.GBF3-MEME1,30,499,824,27655,0.00013826823952148342,1.0127467846913272,3.9084709469133747,0.0052918613759667344,True,.,.,1.GBF3-MEME1,.,.
37,M01709_2.00,14,499,253,27655,0.00016175182802326558,1.616718063629321,6.129221984332849,0.005715231256822051,True,A. thaliana,Zoo_01,SPT,bHLH,.
38,2.FBH3-MEME,14,499,253,27655,0.00016175182802326558,1.616718063629321,6.129221984332849,0.005715231256822051,True,.,.,2.FBH3-MEME,.,.
39,M07038_2.00,43,499,1374,27655,0.00016725916040327053,0.7944551821500249,3.0003474550452554,0.00576207807589267,True,A. thaliana,OMalley2016,AT1G74840,Myb/SANT,MYB-related
40,M07145_2.00,45,499,1468,27655,0.00018564252181035363,0.7645735597524891,2.8528705574953213,0.006239399879382129,True,A. thaliana,OMalley2016,AT5G56840,Myb/SANT,MYB-related
41,M01832_2.00,25,499,646,27655,0.00019399579561845274,1.1008225513468266,4.086481931884035,0.00636490967529114,True,P. patens,Zoo_01,estExt_Genewise1.C_2060077,bZIP,.
42,M07190_2.00,13,499,1624,27655,0.0002495959496031891,-1.172539482778057,-4.224381239139184,0.007744951580687021,True,A. thaliana,OMalley2016,NTL8,NAC/NAM,.
43,M06755_2.00,35,499,1062,27655,0.0002529193186726531,0.8690716824068399,3.1260664821114768,0.007744951580687021,True,A. thaliana,OMalley2016,ABF2,bZIP,.
44,M06762_2.00,29,499,816,27655,0.0002527692005067972,0.9779123694221036,3.517820545247445,0.007744951580687021,True,A. thaliana,OMalley2016,BZIP2,bZIP,.
45,M06761_2.00,29,499,821,27655,0.0002771036294273609,0.9690992996157943,3.4474329388086282,0.00830106089893268,True,A. thaliana,OMalley2016,AtbZIP48,bZIP,.
46,M06790_2.00,26,499,703,27655,0.0002837923377411555,1.0354155553345838,3.6726182856672853,0.008320549817176857,True,A. thaliana,OMalley2016,HY5,bZIP,.
47,M06766_2.00,32,499,959,27655,0.0003604838248379684,0.886969711247896,3.053938023382937,0.010348889804723344,True,A. thaliana,OMalley2016,ABI5,bZIP,.
48,M07349_2.00,123,499,5295,27655,0.0003962756158367256,0.3644562527255681,1.2398811377399317,0.01114424078822465,True,A. thaliana,OMalley2016,FRS9,FAR1,.
49,M01059_2.00,22,499,566,27655,0.00041238636772228073,1.1071300920714418,3.7472984615835863,0.011365368294426057,True,A. thaliana,Stam_Arabidopsis,DPBF3,bZIP,.
50,M07144_2.00,40,499,1314,27655,0.0004398689538711681,0.7545352508310598,2.5327308879625505,0.011885086635969992,True,A. thaliana,OMalley2016,AT5G56840,Myb/SANT,MYB-related
51,M02657_2.00,19,499,459,27655,0.0004701991047340396,1.1979338862958047,3.986386398354905,0.01246027627545205,True,A. thaliana,JASPAR,TGA1,bZIP,.
52,M06743_2.00,22,499,574,27655,0.0004900123355267556,1.0868814082276368,3.597352462590983,0.012740320723695646,True,A. thaliana,OMalley2016,BHLH72,bHLH,.
53,M07072_2.00,40,499,1331,27655,0.0005497505765914094,0.7359899552414975,2.399205305312528,0.014028820269314114,True,A. thaliana,OMalley2016,AT3G10580,Myb/SANT,MYB-related
54,M01285_2.00,16,499,358,27655,0.0005706891161931277,1.3085409390017706,4.244383926182923,0.01429835640207509,True,C. sativa,TF_Evolution,PK27693.1,Myb/SANT,MYB-related
55,M06779_2.00,28,499,823,27655,0.0005867592995410456,0.9149630179020056,2.956739607840711,0.014438469906563585,True,A. thaliana,OMalley2016,BZIP53,bZIP,.
56,M01080_2.00,16,499,360,27655,0.0006031662889612661,1.3005036199363522,4.18705325708477,0.014581809582256572,True,A. thaliana,Stam_Arabidopsis,AT4G09450,Myb/SANT,MYB-related
57,M06818_2.00,129,499,5673,27655,0.0006212478445603987,0.3336878230183634,1.070048456202308,0.01475999189317637,True,A. thaliana,OMalley2016,JKD,C2H2 ZF,.
58,M06991_2.00,62,499,2362,27655,0.0006965212566160659,0.5407597772557449,1.7072141042250755,0.016267903247744724,True,A. thaliana,OMalley2016,FLC,MADS box,.
59,M07334_2.00,151,499,6837,27655,0.0007155146820381024,0.2916137456046528,0.9172364660733423,0.016432987197475084,True,A. thaliana,OMalley2016,AtIDD11,C2H2 ZF,.
60,M06757_2.00,28,499,839,27655,0.0007645328842641327,0.8871846378838079,2.76500304023569,0.01724002218355671,True,A. thaliana,OMalley2016,BZIP44,bZIP,.
61,M10076_2.00,20,499,519,27655,0.0007835348197574485,1.0946940827955085,3.4000559994179094,0.01724002218355671,True,Antirrhinum majus,Transfac,O22676_ANTMA,bZIP,.
62,M01845_2.00,21,499,558,27655,0.0007881867906851036,1.0605528272155997,3.2912887265344604,0.01724002218355671,True,O. tauri,Zoo_01,300010311,bZIP,.
63,M06780_2.00,26,499,760,27655,0.0008127872264791423,0.9229408260761712,2.851908500426172,0.017500324970129034,True,A. thaliana,OMalley2016,BZIP53,bZIP,.
64,M06807_2.00,112,499,4864,27655,0.000894932593909864,0.3517841248800457,1.0723117727595681,0.018972570990889115,True,A. thaliana,OMalley2016,IDD5,C2H2 ZF,.
65,M06719_2.00,105,499,4513,27655,0.0009185533630646958,0.3667311707196621,1.1137242818314115,0.019178280822775014,True,A. thaliana,OMalley2016,BPC6,BBR,.
66,1.FDP-MEME,30,499,938,27655,0.0009606537794304566,0.8258031993591689,2.4918059113772766,0.019185230551524192,True,.,.,1.FDP-MEME,.,.
67,1.PIF3.MEME,20,499,528,27655,0.0009474308328307184,1.069890691794936,3.2347636717087678,0.019185230551524192,True,.,.,1.PIF3.MEME,.,.
68,M02365_2.00,14,499,306,27655,0.0009589346448772483,1.3423237956309795,4.051416433021337,0.019185230551524192,True,O. tauri,Zoo_01,estExt_fgenesh1_pg.C_Chr_03.00010215,Myb/SANT,MYB-related
69,M01160_2.00,21,499,569,27655,0.00098370987673544,1.0323892967382053,3.104531890181709,0.01936503157344909,True,C. sativa,TF_Evolution,PK23964.1,bZIP,.
70,1.ANAC55.1MEME,17,499,420,27655,0.0010954698285712415,1.1655740398502437,3.450564897188482,0.02126137216579114,True,.,.,1.ANAC55.1MEME,.,.
71,M07154_2.00,31,499,994,27655,0.0011592823140790184,0.7894509850906161,2.31767871992705,0.022116491689515346,True,A. thaliana,OMalley2016,MYB96,Myb/SANT,R2R3-MYB
72,M06904_2.00,22,499,618,27655,0.0011716283696187374,0.9803253069989497,2.873539461676375,0.022116491689515346,True,A. thaliana,OMalley2016,HDG11,Homeodomain,HD-GL2
73,M06715_2.00,129,499,5787,27655,0.001196555850073422,0.30498404291902137,0.8911838151422274,0.022281810289205076,True,A. thaliana,OMalley2016,BPC1,BBR,.
74,M07335_2.00,77,499,3160,27655,0.0012566316544529695,0.43343441389646287,1.2573030823659475,0.02308851226448256,True,A. thaliana,OMalley2016,AtIDD11,C2H2 ZF,.
75,M06763_2.00,26,499,790,27655,0.001327508952913107,0.8670875913426538,2.494578520311556,0.023308362295655364,True,A. thaliana,OMalley2016,BZIP2,bZIP,.
76,M07055_2.00,55,499,2102,27655,0.0013362558935825644,0.536169475828508,1.541010248580232,0.023308362295655364,True,A. thaliana,OMalley2016,AT2G38090,Myb/SANT,MYB
77,M02304_2.00,14,499,317,27655,0.001305088526323949,1.291372608184224,3.7247835328301138,0.023308362295655364,True,A. thaliana,Zoo_01,AT5G04760,Myb/SANT,MYB-related
78,M07270_2.00,33,499,1089,27655,0.0012893853086511494,0.7479625969075736,2.1613256466721884,0.023308362295655364,True,A. thaliana,OMalley2016,AT1G66420,Storekeeper,.
79,M01132_2.00,23,499,673,27655,0.001507886708199378,0.9214559777127227,2.6000090163215988,0.025973348548734284,True,A. thaliana,TF_Evolution,HYH,bZIP,.
80,M07000_2.00,27,499,844,27655,0.0015847570713628705,0.8261450297223105,2.3132368998210167,0.02696043511528439,True,A. thaliana,OMalley2016,ATMYB13,Myb/SANT,R2R3-MYB
81,1-MYC3-1MEME,30,499,978,27655,0.0016872222963085757,0.7655566569223117,2.1227566997283285,0.02835356493064899,True,.,.,1-MYC3-1MEME,.,.
82,1.PIF5,16,499,403,27655,0.0017647405249476102,1.1377206877380595,3.1325081468800007,0.029298945100937432,True,.,.,1.PIF5,.,.
83,M01126_2.00,14,499,329,27655,0.001790296396880462,1.2377678645883898,3.4002412338346226,0.0293693861297771,True,C. sativa,TF_Evolution,PK18401.1,bHLH,.
84,M07158_2.00,42,499,3345,27655,0.001829883787429546,-0.5231163564840361,-1.432071039380751,0.029490319159983732,True,A. thaliana,OMalley2016,TRB2,Myb/SANT,MYB-related
85,M07137_2.00,37,499,1297,27655,0.0018404698459786656,0.6608473176432773,1.8074645279281032,0.029490319159983732,True,A. thaliana,OMalley2016,KUA1,Myb/SANT,MYB-related
86,M06796_2.00,78,499,3271,27655,0.0019316892766659786,0.4022428910454968,1.0917124394238864,0.03059618187638757,True,A. thaliana,OMalley2016,MGP,C2H2 ZF,.
87,M00730_2.00,10,499,193,27655,0.0019691499473467496,1.521827773885309,4.117641688557378,0.03083509803913433,True,A. thaliana,Chang2013,NAC92,NAC/NAM,.
88,M06782_2.00,25,499,775,27655,0.002016408321094684,0.838160405879152,2.2591955944063624,0.031220344567061513,True,A. thaliana,OMalley2016,BZIP11,bZIP,.
89,M06798_2.00,81,499,3436,27655,0.002132261954632563,0.3856923980121882,1.0302458906646077,0.032344625901058154,True,A. thaliana,OMalley2016,AT1G14580,C2H2 ZF,.
90,1.ABF4-MEME,29,499,952,27655,0.002135965861390633,0.7555199480856556,2.0175447703982,0.032344625901058154,True,.,.,1.ABF4-MEME,.,.
91,M07294_2.00,12,499,266,27655,0.0022810725527756524,1.3220367814859937,3.4926372828852834,0.03362931377088604,True,A. thaliana,OMalley2016,TCP7,TCP,.
92,M01056_2.00,27,499,870,27655,0.002294017049683083,0.782372627693405,2.064996941243815,0.03362931377088604,True,A. thaliana,Stam_Arabidopsis,ABF4,bZIP,.
93,M08101_2.00,121,499,5494,27655,0.0022780364150252076,0.28757875846476527,0.7599094241080719,0.03362931377088604,True,Zea mays,JASPAR,RAMOSA1,C2H2 ZF,.
94,M02656_2.00,17,499,456,27655,0.0023921990825432277,1.0469295433516244,2.7442145253432617,0.03469947721836387,True,A. thaliana,JASPAR,ABF1,bZIP,.
95,M00888_2.00,21,499,620,27655,0.0024802695507941445,0.9085497337705498,2.3672273474091274,0.03560220251035762,True,A. thaliana,Franco_Zorrilla2014,SPL7,SBP,.
96,1.FD-MEME,30,499,1017,27655,0.002776866255640257,0.7091433480170454,1.8128859925650298,0.037690582542101586,True,.,.,1.FD-MEME,.,.
97,M02654_2.00,19,499,545,27655,0.002814590364722126,0.950171810045324,2.4234937793215727,0.037690582542101586,True,A. thaliana,JASPAR,DYT1,bHLH,.
98,M06827_2.00,10,499,203,27655,0.002759166342719407,1.448948893968213,3.7081820548102145,0.037690582542101586,True,A. thaliana,OMalley2016,CAMTA5,CG-1,.
99,M07037_2.00,31,499,1063,27655,0.002817220610911802,0.6926271451217976,1.7663232993307905,0.037690582542101586,True,A. thaliana,OMalley2016,AT1G74840,Myb/SANT,MYB-related
100,1.HSF1b-HS,33,499,1153,27655,0.0028072254781221274,0.6655740379727083,1.698360383327304,0.037690582542101586,True,.,.,1.HSF1b-HS,.,.
101,M07075_2.00,40,499,1471,27655,0.002690693703962286,0.5917032798985591,1.5207577456534231,0.037690582542101586,True,A. thaliana,OMalley2016,AT3G11280,Myb/SANT,MYB-related
102,M07229_2.00,35,499,1241,27655,0.0027129346493941354,0.6443523330806368,1.6537693541789493,0.037690582542101586,True,A. thaliana,OMalley2016,NAC079,NAC/NAM,.
103,M07147_2.00,47,499,1810,27655,0.0029189800443259134,0.5251715859730967,1.3311885896684987,0.03830813810553437,True,A. thaliana,OMalley2016,AT5G58900,Myb/SANT,MYB-related
104,M06795_2.00,97,499,4300,27655,0.002899996375340692,0.322148613976332,0.8174851426682962,0.03830813810553437,True,A. thaliana,OMalley2016,MGP,C2H2 ZF,.
105,M06816_2.00,79,499,3389,27655,0.0029857039693494255,0.36949354295913556,0.9329539238107586,0.03881415160154253,True,A. thaliana,OMalley2016,IDD2,C2H2 ZF,.
106,M06925_2.00,44,499,1673,27655,0.003069094692139329,0.5435666048649715,1.3659772857478958,0.03952535033428033,True,A. thaliana,OMalley2016,HB-5,Homeodomain,HD-ZIP
107,M01772_2.00,22,499,676,27655,0.003099369519995359,0.8509088986211399,2.134697824091247,0.03954565924586671,True,A. thaliana,Zoo_01,ABF1,bZIP,.
108,M02684_2.00,18,499,511,27655,0.003176096253627227,0.965102236770718,2.4109280207426065,0.04015284988530568,True,A. thaliana,JASPAR,ATHB-5,Homeodomain,HD-ZIP
109,M02714_2.00,35,499,1260,27655,0.0033212777831285382,0.6224317148237147,1.5428182546455387,0.040184716602898005,True,A. thaliana,JASPAR,SPL8,SBP,.
110,M06708_2.00,66,499,2751,27655,0.003246620846667581,0.41101041130826965,1.0228275327724656,0.040184716602898005,True,A. thaliana,OMalley2016,ARF16,B3,ARF
111,M07074_2.00,43,499,1637,27655,0.0033999117201467545,0.5417828644939716,1.3374085327793162,0.040184716602898005,True,A. thaliana,OMalley2016,AT3G11280,Myb/SANT,MYB-related
112,M01846_2.00,24,499,765,27655,0.0032499166641462066,0.7980032794071691,1.985534124238875,0.040184716602898005,True,O. tauri,Zoo_01,1500010105,bZIP,.
113,M01075_2.00,13,499,318,27655,0.00340085523975797,1.1799134791227637,2.9125124183025934,0.040184716602898005,True,A. thaliana,Stam_Arabidopsis,AT3G11280,Myb/SANT,MYB-related
114,M01156_2.00,19,499,555,27655,0.0033447490182455593,0.9239402684721445,2.2873402201717745,0.040184716602898005,True,C. sativa,TF_Evolution,PK09653.1,bZIP,.
115,M08114_2.00,12,499,280,27655,0.0033257638970052373,1.2480362000422165,3.09276922234387,0.040184716602898005,True,A. thaliana,JASPAR,FHY3,FAR1,.
116,M07149_2.00,42,499,1590,27655,0.003411909900246057,0.5498630888730698,1.3565135851885517,0.040184716602898005,True,A. thaliana,OMalley2016,AT5G61620,Myb/SANT,MYB-related
117,M00856_2.00,11,499,246,27655,0.003526312718615661,1.3092738295640847,3.2112286580471228,0.041180160391969325,True,A. thaliana,Franco_Zorrilla2014,TGA2,bZIP,.
118,M07282_2.00,11,499,247,27655,0.003624964610161857,1.3034211033186467,3.181254971677299,0.041976480947924694,True,A. thaliana,OMalley2016,TCP9,TCP,.
119,M06783_2.00,14,499,362,27655,0.003877416269877032,1.0998657512404257,2.652279593684549,0.044282036262431344,True,A. thaliana,OMalley2016,TGA10,bZIP,.
120,M06990_2.00,51,499,2039,27655,0.00392047055443877,0.47113599822092606,1.13386501124765,0.044282036262431344,True,A. thaliana,OMalley2016,FLC,MADS box,.
121,M10624_2.00,25,499,822,27655,0.0038920547172154865,0.7532183223590688,1.8151213780674782,0.044282036262431344,True,A. thaliana,Transfac,HAT5,Homeodomain,HD-ZIP
122,M08404_2.00,21,499,652,27655,0.004100082219702965,0.8359459848137099,1.995576469541783,0.045934254461387686,True,A. thaliana,JASPAR,PIF1,bHLH,.
123,M07136_2.00,37,499,1375,27655,0.004133606255843516,0.5765941785955926,1.3744107612811791,0.04593636629477714,True,A. thaliana,OMalley2016,KUA1,Myb/SANT,MYB-related
124,M02661_2.00,16,499,446,27655,0.004263151279643433,0.991456816345722,2.3500196104006954,0.04699697970678921,True,Antirrhinum majus,JASPAR,bZIP911,bZIP,.
125,M07119_2.00,46,499,1809,27655,0.004324596046619267,0.4949419797017989,1.1700697911082825,0.04729597898604245,True,A. thaliana,OMalley2016,AT5G05790,Myb/SANT,MYB
126,M06855_2.00,224,499,11170,27655,0.004372630076123413,0.15237007295295404,0.3594802011793438,0.04744475783384301,True,A. thaliana,OMalley2016,OBP3,Dof,.
127,M06692_2.00,53,499,2157,27655,0.0045560454017548645,0.445466709668772,1.0430210803544073,0.049048676278267214,True,A. thaliana,OMalley2016,RAV1,AP2,B3
128,M07052_2.00,5,499,747,27655,0.004626954518881832,-1.430679621635848,-3.340214536146256,0.04942591726371446,True,A. thaliana,OMalley2016,MYB101,Myb/SANT,R2R3-MYB
129,M06735_2.00,21,499,662,27655,0.004744490192186912,0.8139867322375696,1.891550871931473,0.05003273634330499,True,A. thaliana,OMalley2016,BHLH34,bHLH,.
130,M01788_2.00,10,499,221,27655,0.004756377693013755,1.326382251761958,3.080819446804752,0.05003273634330499,True,A. thaliana,Zoo_01,TGA1,bZIP,.
131,M07285_2.00,12,499,296,27655,0.004925116162142051,1.1678658513582336,2.6949479944087567,0.05141522781387686,True,A. thaliana,OMalley2016,TCP20,TCP,.
132,M06822_2.00,76,499,3331,27655,0.00516942926978598,0.3385445910352615,0.7741016407043565,0.05250807145108743,True,A. thaliana,OMalley2016,NUC,C2H2 ZF,.
133,M08078_2.00,20,499,626,27655,0.005257503307574923,0.8242659642207709,1.8786838381160766,0.05250807145108743,True,Zea mays,JASPAR,O2,bZIP,.
134,M10064_2.00,16,499,458,27655,0.0052965326064594725,0.9531529281690829,2.1693840231241572,0.05250807145108743,True,Antirrhinum majus,Transfac,bZIP911,bZIP,.
135,M02376_2.00,8,499,155,27655,0.005210767414329688,1.5162323109917892,3.4617074289009535,0.05250807145108743,True,A. lyrata,Zoo_01,ANAC080,NAC/NAM,.
136,M07289_2.00,11,499,260,27655,0.005103464345736093,1.22942052187487,2.8179977033922876,0.05250807145108743,True,A. thaliana,OMalley2016,TCP14,TCP,.
137,M07221_2.00,8,499,961,27655,0.005269718719272274,-1.1160359045077235,-2.5425670211082187,0.05250807145108743,True,A. thaliana,OMalley2016,NAC073,NAC/NAM,.
138,M06803_2.00,79,499,3483,27655,0.005133188365120258,0.3300227068564071,0.7556242135051914,0.05250807145108743,True,A. thaliana,OMalley2016,IDD7,C2H2 ZF,.
139,M01997_2.00,9,499,190,27655,0.005383910665007922,1.3924261093773918,3.159278600179836,0.05278661597030729,True,A. thaliana,Zoo_01,GATA15,GATA,.
140,M07278_2.00,12,499,300,27655,0.005401242998413155,1.1485005264913022,2.6042321605974745,0.05278661597030729,True,A. thaliana,OMalley2016,TCP15,TCP,.
141,M07080_2.00,37,499,1407,27655,0.005549389844764029,0.5434034686584442,1.2257849636986142,0.05367946333401694,True,A. thaliana,OMalley2016,PHL12,Myb/SANT,G2-like
142,M06792_2.00,20,499,630,27655,0.005570510345982891,0.8150767927661104,1.837268686043912,0.05367946333401694,True,A. thaliana,OMalley2016,BZIP43,bZIP,.
143,M00889_2.00,27,499,942,27655,0.005622554002144553,0.6676609688167122,1.5022814889347136,0.05380471815941107,True,A. thaliana,Franco_Zorrilla2014,YAB5,YABBY,.
144,M06809_2.00,98,499,4487,27655,0.005727863241093966,0.2755310917048901,0.6177427354630013,0.05443109117623399,True,A. thaliana,OMalley2016,IDD4,C2H2 ZF,.
145,M07309_2.00,28,499,990,27655,0.00576700966018154,0.6484269233566594,1.4518598625325194,0.05443109117623399,True,A. thaliana,OMalley2016,AT1G24250,Unknown,.
146,M01826_2.00,23,499,766,27655,0.00590753836367449,0.7347180903980827,1.6373879233942312,0.055378148742472426,True,Oryza sativa,Zoo_01,OS02G0728001,bZIP,.
147,M07280_2.00,12,499,305,27655,0.006042743077130516,1.1246537845369344,2.4953434332743964,0.05626283756949899,True,A. thaliana,OMalley2016,TCP22,TCP,.
148,M01770_2.00,21,499,680,27655,0.006093487682948913,0.7752832029070855,1.7173562307592445,0.05635453709465505,True,A. thaliana,Zoo_01,BZIP68,bZIP,.
149,M00854_2.00,18,499,551,27655,0.00616425087627893,0.8563732091371817,1.8926872952909126,0.05662891805008244,True,A. thaliana,Franco_Zorrilla2014,PIF3,bHLH,.
150,M07150_2.00,28,499,1000,27655,0.006418651801446571,0.6339273536615441,1.3899213390031981,0.05819940765156616,True,A. thaliana,OMalley2016,AT5G61620,Myb/SANT,MYB-related
151,M01161_2.00,27,499,954,27655,0.006419673412944888,0.649398762423984,1.4237983867489734,0.05819940765156616,True,C. sativa,TF_Evolution,PK24205.1,bZIP,.
152,M06788_2.00,16,499,470,27655,0.006505449921689239,0.9158397697010271,2.0026875791099585,0.058591568575737066,True,A. thaliana,OMalley2016,TGA4,bZIP,.
153,M07315_2.00,50,499,2062,27655,0.0066174744029204174,0.4263842886726434,0.9292225762205671,0.05908888597737236,True,A. thaliana,OMalley2016,AT1G74370,Unknown,.
154,M00893_2.00,7,499,129,27655,0.006646427667991811,1.588484382900377,3.4587845079868673,0.05908888597737236,True,A. thaliana,Franco_Zorrilla2014,TCP16,TCP,.
155,M07143_2.00,23,499,779,27655,0.006935615343873793,0.7104391542613706,1.533777747622971,0.060108666313572874,True,A. thaliana,OMalley2016,MYB80,Myb/SANT,R2R3-MYB
156,M07404_2.00,23,499,779,27655,0.006935615343873793,0.7104391542613706,1.533777747622971,0.060108666313572874,True,A. thaliana,OMalley2016,WRKY42,WRKY,.
157,M06727_2.00,15,499,432,27655,0.006908835756347952,0.944359809711077,2.0403792074063665,0.060108666313572874,True,A. thaliana,OMalley2016,BIM2,bHLH,.
158,M01776_2.00,27,499,961,27655,0.006921455293637065,0.6388515976557452,1.3797933300737393,0.060108666313572874,True,A. thaliana,Zoo_01,ABI5,bZIP,.
159,M01133_2.00,26,499,920,27655,0.007305527650406182,0.6473063834627438,1.3828719638459077,0.06291885688912324,True,A. thaliana,TF_Evolution,DPBF3,bZIP,.
160,M06825_2.00,82,499,3715,27655,0.007600661033912402,0.29076222545815206,0.6161683732569123,0.06312889341730424,True,A. thaliana,OMalley2016,IDD1,C2H2 ZF,.
161,M02001_2.00,7,499,133,27655,0.007696410808495727,1.5444292028224416,3.2644781672180576,0.06312889341730424,True,A. thaliana,Zoo_01,GATA26,GATA,.
162,M06920_2.00,20,499,653,27655,0.007644536093103375,0.7633456296069586,1.6157346601375724,0.06312889341730424,True,A. thaliana,OMalley2016,ANL2,Homeodomain,HD-GL2
163,M06793_2.00,14,499,396,27655,0.007569075150712351,0.9703550182440216,2.058081445793823,0.06312889341730424,True,A. thaliana,OMalley2016,TGA1,bZIP,.
164,M01158_2.00,23,499,786,27655,0.007540354049688175,0.6975331700644333,1.4805896696540486,0.06312889341730424,True,C. sativa,TF_Evolution,PK18009.1,bZIP,.
165,M02515_2.00,8,499,166,27655,0.007488548899770519,1.4173172849191022,3.0126529230992642,0.06312889341730424,True,V. vinifera,Zoo_01,VIT_15s0048g01150,TCP,.
166,M07106_2.00,24,499,833,27655,0.007682986344150892,0.6751465316216356,1.427577045353396,0.06312889341730424,True,A. thaliana,OMalley2016,MYB39,Myb/SANT,R2R3-MYB
167,M01155_2.00,10,499,238,27655,0.007460958802519338,1.2194670478454457,2.5940568381609577,0.06312889341730424,True,C. sativa,TF_Evolution,PK09021.1,bZIP,.
168,M06850_2.00,176,499,8736,27655,0.007900868394802602,0.15903119398347182,0.3343352822781109,0.06442246537300583,True,A. thaliana,OMalley2016,CDF3,Dof,.
169,M06823_2.00,65,499,2849,27655,0.007996620518089033,0.3384846229706303,0.7098339071030924,0.0644406027715011,True,A. thaliana,OMalley2016,NUC,C2H2 ZF,.
170,M06703_2.00,100,499,4667,27655,0.007963495611357068,0.24793315407660818,0.5203859685670112,0.0644406027715011,True,A. thaliana,OMalley2016,REM19,B3,REM
171,M01773_2.00,23,499,794,27655,0.008276951657593415,0.6829234751800821,1.4219351694614613,0.06631185688467282,True,A. thaliana,Zoo_01,ABF1,bZIP,.
172,M07097_2.00,25,499,887,27655,0.008406020642946387,0.6434226117396881,1.3353654316863945,0.06663767955275254,True,A. thaliana,OMalley2016,MYB27,Myb/SANT,R2R3-MYB
173,M06749_2.00,16,499,486,27655,0.008414336895630582,0.867544212660246,1.8001369802321574,0.06663767955275254,True,A. thaliana,OMalley2016,TGA9,bZIP,.
174,M07354_2.00,128,499,6172,27655,0.008535401263866375,0.20083436969529195,0.4154813354764544,0.06721018823775922,True,A. thaliana,OMalley2016,ZHD10,Homeodomain,HD-ZF
175,M06975_2.00,33,499,1268,27655,0.008735348193044402,0.5284118054850733,1.0878518355441213,0.06800740005658297,True,A. thaliana,OMalley2016,GT-4,Trihelix,MADF
176,M01316_2.00,8,499,171,27655,0.008721073414305905,1.374504201380129,2.8306952666034206,0.06800740005658297,True,C. sativa,TF_Evolution,PK13314.1,TCP,.
177,M01779_2.00,17,499,532,27655,0.00880725320449972,0.8245371220151769,1.6945553140144256,0.06804163871240586,True,A. thaliana,Zoo_01,GBF3,bZIP,.
178,M01134_2.00,10,499,245,27655,0.008838500239129642,1.1776468721508189,2.4184408441912395,0.06804163871240586,True,A. thaliana,TF_Evolution,TGA1,bZIP,.
179,M08424_2.00,72,499,3235,27655,0.009135877476947711,0.30273172082846944,0.617345581011768,0.06981903284449256,True,A. thaliana,JASPAR,SVP,MADS box,.
180,M07141_2.00,24,499,849,27655,0.009170714764044378,0.6476984734341446,1.3197483460110517,0.06981903284449256,True,A. thaliana,OMalley2016,MYB49,Myb/SANT,R2R3-MYB
181,M07086_2.00,28,499,1037,27655,0.009301198161910539,0.5815114595104055,1.1813179108790706,0.06997843465711123,True,A. thaliana,OMalley2016,AT3G24120,Myb/SANT,G2-like
182,M01786_2.00,12,499,326,27655,0.009343999983242719,1.0285910627561057,2.087491794258346,0.06997843465711123,True,A. thaliana,Zoo_01,TGA4,bZIP,.
183,M06856_2.00,157,499,7760,27655,0.00933718853318685,0.16513652808316406,0.33519146137881134,0.06997843465711123,True,A. thaliana,OMalley2016,DOF4.2,Dof,.
184,M01053_2.00,11,499,287,27655,0.009503128337540185,1.0868814082276368,2.1978192035566146,0.07040489703833534,True,A. thaliana,Stam_Arabidopsis,TGA9,bZIP,.
185,M00969_2.00,7,499,139,27655,0.009472840217632325,1.4807705656001238,2.9963685410688643,0.07040489703833534,True,A. thaliana,Lindemose2014,NAC001,NAC/NAM,.
186,M07402_2.00,15,499,452,27655,0.009618986926887061,0.8790683494593577,1.7729671670047817,0.07088216034893247,True,A. thaliana,OMalley2016,WRKY47,WRKY,.
187,M07222_2.00,4,499,604,27655,0.010012583430257066,-1.446048023059052,-2.89130629005053,0.07090914648207473,True,A. thaliana,OMalley2016,NAC073,NAC/NAM,.
188,M07272_2.00,8,499,176,27655,0.010084073989408433,1.3329250976287297,2.661003648218946,0.07090914648207473,True,A. thaliana,OMalley2016,TCP24,TCP,.
189,M01057_2.00,23,499,808,27655,0.009686482942103709,0.657707189571245,1.3245130227867647,0.07090914648207473,True,A. thaliana,Stam_Arabidopsis,ABF4,bZIP,.
190,M06927_2.00,42,499,1725,27655,0.009963249606514674,0.43229349249189364,0.8652782176471583,0.07090914648207473,True,A. thaliana,OMalley2016,ATHB-51,Homeodomain,HD-ZIP
191,M07279_2.00,11,499,289,27655,0.009908421618390985,1.0768626524026454,2.158027933011918,0.07090914648207473,True,A. thaliana,OMalley2016,TCP22,TCP,.
192,M01154_2.00,14,499,412,27655,0.009978249248984175,0.9132111111404128,1.827285802121021,0.07090914648207473,True,C. sativa,TF_Evolution,PK05128.1,bZIP,.
193,M06702_2.00,131,499,6378,27655,0.009960692348037656,0.18689133555121626,0.37410234379349255,0.07090914648207473,True,A. thaliana,OMalley2016,REM19,B3,REM
194,M07292_2.00,11,499,290,27655,0.010115419536546976,1.0718792448883898,2.1384163509974035,0.07090914648207473,True,A. thaliana,OMalley2016,TCP21,TCP,.
195,2.URI.MEME2,16,499,498,27655,0.010084338883443936,0.8323547841979458,1.6616736111846884,0.07090914648207473,True,.,.,2.URI.MEME2,.,.
196,M06824_2.00,66,499,2946,27655,0.010137229214055675,0.31220912058863104,0.6225701921924952,0.07090914648207473,True,A. thaliana,OMalley2016,IDD1,C2H2 ZF,.
197,M06853_2.00,182,499,9149,27655,0.010218596601589388,0.1407530086116858,0.28018416984227246,0.0711173036211625,True,A. thaliana,OMalley2016,AT3G52440,Dof,.
198,M08147_2.00,96,499,4523,27655,0.01042787326949037,0.23425493635577196,0.4642474297361376,0.07220909228822979,True,A. thaliana,JASPAR,FLC,MADS box,.
199,M01844_2.00,10,499,254,27655,0.010853860295206356,1.1256001243812233,2.211146638104685,0.0744110422228575,True,O. tauri,Zoo_01,300010272,bZIP,.
200,M07083_2.00,61,499,2701,27655,0.010811092971724128,0.3238161293199464,0.6366647351704433,0.0744110422228575,True,A. thaliana,OMalley2016,PHL6,Myb/SANT,G2-like
201,M02362_2.00,13,499,376,27655,0.011015384606944728,0.9382075827294817,1.837010760972148,0.07477438417916175,True,O. tauri,Zoo_01,1200010282,Myb/SANT,G2-like
202,M07293_2.00,11,499,294,27655,0.010972723160452058,1.05211599006696,2.0618165319306487,0.07477438417916175,True,A. thaliana,OMalley2016,TCP21,TCP,.
203,M07246_2.00,14,499,1287,27655,0.01126457202577224,-0.7300846998970705,-1.4224132913033793,0.07571990366592268,True,A. thaliana,OMalley2016,NAC105,NAC/NAM,.
204,M02287_2.00,18,499,594,27655,0.011260896807292566,0.7479625969075738,1.457350534737113,0.07571990366592268,True,A. thaliana,Zoo_01,AT1G19000,Myb/SANT,MYB-related
205,M07044_2.00,17,499,551,27655,0.011476818341905613,0.7739110489452088,1.5015255722187624,0.07576733522831756,True,A. thaliana,OMalley2016,EFM,Myb/SANT,G2-like
206,M07351_2.00,23,499,824,27655,0.011491562454802881,0.6294181451398215,1.220832600656447,0.07576733522831756,True,A. thaliana,OMalley2016,GT-3A,Trihelix,.
207,M06982_2.00,36,499,1448,27655,0.011448699524155035,0.46243583062513405,0.8977007088532065,0.07576733522831756,True,A. thaliana,OMalley2016,AGL63,MADS box,.
208,M06900_2.00,43,499,1795,27655,0.011391625619966704,0.40885334225771114,0.7945714304508043,0.07576733522831756,True,A. thaliana,OMalley2016,ATHB-13,Homeodomain,HD-ZIP
209,M07311_2.00,3,499,514,27655,0.011585607510092095,-1.628305332206695,-3.1525313225630702,0.0760236530900329,True,A. thaliana,OMalley2016,WIP5,C2H2 ZF,.
210,M07169_2.00,20,499,1666,27655,0.011733043686313787,-0.5878878742121582,-1.134970046779862,0.07662622843478863,True,A. thaliana,OMalley2016,ANAC011,NAC/NAM,.
211,M07234_2.00,30,499,1160,27655,0.011880671227055897,0.519338221859611,0.9998086633613207,0.07722436297586333,True,A. thaliana,OMalley2016,NAC92,NAC/NAM,.
212,M07170_2.00,13,499,1210,27655,0.01230942283009382,-0.7479948977548376,-1.4284924637982552,0.07963560873178069,True,A. thaliana,OMalley2016,ANAC13,NAC/NAM,.
213,M06934_2.00,31,499,1216,27655,0.01262766392906542,0.49862551320931664,0.9467287860047261,0.07984061130137911,True,A. thaliana,OMalley2016,ATHB-53,Homeodomain,HD-ZIP
214,M07245_2.00,13,499,1207,27655,0.012598455724341536,-0.7444135263479023,-1.4141494871929463,0.07984061130137911,True,A. thaliana,OMalley2016,NAC105,NAC/NAM,.
215,M07033_2.00,46,499,3230,27655,0.012630807883672455,-0.3413997772582476,-0.6481709894946603,0.07984061130137911,True,A. thaliana,OMalley2016,AT1G72740,Myb/SANT,MYB-related
216,M02377_2.00,7,499,148,27655,0.012612235174279812,1.3902582726946815,2.640389549830477,0.07984061130137911,True,A. lyrata,Zoo_01,ANAC100,NAC/NAM,.
217,M06734_2.00,18,499,603,27655,0.012610178498451773,0.7262675258082546,1.3793844901286472,0.07984061130137911,True,A. thaliana,OMalley2016,BHLH34,bHLH,.
218,M06999_2.00,22,499,787,27655,0.012692018333265637,0.631568509395838,1.1977502947547782,0.07986119298283127,True,A. thaliana,OMalley2016,ATMYB13,Myb/SANT,R2R3-MYB
219,M01162_2.00,19,499,650,27655,0.012867933327184508,0.6959883217937957,1.3157597962485545,0.08060005511300114,True,C. sativa,TF_Evolution,PK24978.1,bZIP,.
220,M07287_2.00,8,499,186,27655,0.013217328636923969,1.2531979051579956,2.354578793699503,0.08222859144991206,True,A. thaliana,OMalley2016,TCP16,TCP,.
221,M01058_2.00,14,499,430,27655,0.013264407281735594,0.8515187887341709,1.5985665694394857,0.08222859144991206,True,A. thaliana,Stam_Arabidopsis,DPBF3,bZIP,.
222,M07036_2.00,21,499,745,27655,0.013306949124332649,0.6435775236952636,1.2073009158881438,0.08222859144991206,True,A. thaliana,OMalley2016,ATY13,Myb/SANT,R2R3-MYB
223,M06785_2.00,14,499,431,27655,0.013465502908948187,0.8481675792345331,1.5867327572537833,0.08246872448235823,True,A. thaliana,OMalley2016,TGA2,bZIP,.
224,M01784_2.00,10,499,264,27655,0.01342940460418129,1.069890691794936,2.002774649598681,0.08246872448235823,True,A. thaliana,Zoo_01,TGA2,bZIP,.
225,M01771_2.00,22,499,794,27655,0.013640166569809393,0.6187931377603666,1.1541607865179486,0.08281985508826241,True,A. thaliana,Zoo_01,ABF2,bZIP,.
226,M06950_2.00,23,499,841,27655,0.01364303853776166,0.5999566820678957,1.118972544669606,0.08281985508826241,True,A. thaliana,OMalley2016,HSFA6A,HSF,.
227,M07157_2.00,43,499,3032,27655,0.013826840736484339,-0.34743256720296667,-0.6459733949813324,0.0832025612876656,True,A. thaliana,OMalley2016,TRB2,Myb/SANT,MYB-related
228,M07305_2.00,19,499,656,27655,0.013792914231638217,0.6827322250915289,1.2701167742184054,0.0832025612876656,True,A. thaliana,OMalley2016,ZHD14,Homeodomain,HD-ZF
229,M07064_2.00,34,499,1377,27655,0.013994896981152244,0.45250671338140214,0.8389611548939016,0.08384768713055561,True,A. thaliana,OMalley2016,MYR2,Myb/SANT,G2-like
230,M07403_2.00,25,499,942,27655,0.014431473215726598,0.5566296564279685,1.024582270645335,0.08535008622863198,True,A. thaliana,OMalley2016,WRKY47,WRKY,.
231,M00897_2.00,21,499,752,27655,0.014323210174146065,0.6300852873671499,1.1618518367222728,0.08535008622863198,True,A. thaliana,Franco_Zorrilla2014,AHL25,AT hook,.
232,M07220_2.00,9,499,925,27655,0.014419020152335522,-0.8910278376953349,-1.6404394987962414,0.08535008622863198,True,A. thaliana,OMalley2016,anac071,NAC/NAM,.
233,M07063_2.00,36,499,1488,27655,0.015138132431195309,0.42312290660030805,0.7700530981389708,0.08737364996122603,True,A. thaliana,OMalley2016,MYR2,Myb/SANT,G2-like
234,M06989_2.00,67,499,3083,27655,0.014979510695872044,0.26832673261662415,0.4895627602878292,0.08737364996122603,True,A. thaliana,OMalley2016,AGL13,MADS box,.
235,M06650_2.00,13,499,395,27655,0.015009466269983292,0.8670875913426538,1.5812510635624066,0.08737364996122603,True,A. thaliana,OMalley2016,ERF015,AP2,DREB
236,M07327_2.00,83,499,3931,27655,0.015070109711061055,0.22671549918885756,0.4130492466619226,0.08737364996122603,True,A. thaliana,OMalley2016,ZHD6,Homeodomain,HD-ZF
237,M06697_2.00,69,499,3191,27655,0.015154065559312787,0.26108827976488397,0.4750425112394013,0.08737364996122603,True,A. thaliana,OMalley2016,HMGB15,HMGBox,.
238,M10077_2.00,8,499,191,27655,0.01499329047935407,1.214927888230278,2.216153660283078,0.08737364996122603,True,Antirrhinum majus,Transfac,O22676_ANTMA,bZIP,.
239,M07223_2.00,8,499,851,27655,0.015234436487134833,-0.9406586054199356,-1.7093399895012003,0.0874710561636325,True,A. thaliana,OMalley2016,anac075,NAC/NAM,.
240,M06928_2.00,36,499,1492,27655,0.015542850240396047,0.4192498974531015,0.7582005843018839,0.08840068392482074,True,A. thaliana,OMalley2016,ATHB-51,Homeodomain,HD-ZIP
241,M06908_2.00,52,499,2309,27655,0.015588799850313093,0.31974397663300386,0.5778372598864282,0.08840068392482074,True,A. thaliana,OMalley2016,ATHB-21,Homeodomain,HD-ZIP
242,M06956_2.00,14,499,441,27655,0.015585598641032334,0.8150767927661107,1.4730691429334248,0.08840068392482074,True,A. thaliana,OMalley2016,LBD13,LOB,.
243,M07336_2.00,177,499,9047,27655,0.015846050525106643,0.11673851022517351,0.21013853650533876,0.08949121976883996,True,A. thaliana,OMalley2016,MIP1B,Unknown,.
244,2.ABF1-MEME,19,499,670,27655,0.01611464807050522,0.6522669443644779,1.1693705941698567,0.08990277344597648,True,.,.,2.ABF1-MEME,.,.
245,1.ABF3-MEME,19,499,670,27655,0.01611464807050522,0.6522669443644779,1.1693705941698567,0.08990277344597648,True,.,.,1.ABF3-MEME,.,.
246,M08046_2.00,19,499,670,27655,0.01611464807050522,0.6522669443644779,1.1693705941698567,0.08990277344597648,True,A. thaliana,JASPAR,PIF4,bHLH,.
247,M06561_2.00,12,499,357,27655,0.016201016266650027,0.8975389529580836,1.6070055670069003,0.09002016296549895,True,A. thaliana,OMalley2016,ERF023,AP2,DREB
248,M02516_2.00,7,499,157,27655,0.01634328146130108,1.3050908894320041,2.3317546541245067,0.09044595121956982,True,Manihot esculenta,Zoo_01,cassava45561.m1,TCP,.
249,M06851_2.00,209,499,10825,27655,0.016488611162819924,0.0976364438454602,0.17406780679942133,0.09088522472946342,True,A. thaliana,OMalley2016,DOF3.4,Dof,.
250,M07035_2.00,21,499,768,27655,0.01682743237866071,0.5997116383236311,1.0638777391272665,0.09238327417447992,True,A. thaliana,OMalley2016,ATY13,Myb/SANT,R2R3-MYB
251,M06805_2.00,112,499,5527,27655,0.01697965456185403,0.16743074110946995,0.29636432435932986,0.0925118905825003,True,A. thaliana,OMalley2016,SGR5,C2H2 ZF,.
252,M02553_2.00,13,499,404,27655,0.017186534099506587,0.8345849516553243,1.4728852839253859,0.0925118905825003,True,A. thaliana,Zoo_01,WRKY21,WRKY,.
253,M06670_2.00,25,499,961,27655,0.01702639293256029,0.5278202852670014,0.9336493465528144,0.0925118905825003,True,A. thaliana,OMalley2016,ERF9,AP2,ERF
254,M07181_2.00,11,499,318,27655,0.01713203346347929,0.9389053796189688,1.6582863120621156,0.0925118905825003,True,A. thaliana,OMalley2016,NAC029,NAC/NAM,.
255,M02040_2.00,9,499,236,27655,0.017182061262026614,1.0796386683464982,1.9054809926096798,0.0925118905825003,True,A. thaliana,Zoo_01,ATHB-6,Homeodomain,HD-ZIP
256,M06833_2.00,215,499,11182,27655,0.017404200930306035,0.09165893622622528,0.16125977469749977,0.09331902288701056,True,A. thaliana,OMalley2016,DOF1.7,Dof,.
257,M00732_2.00,14,499,450,27655,0.017664052948827738,0.7859304471065941,1.3776650587773602,0.09428127188198174,True,A. thaliana,Chang2013,WRKY47,WRKY,.
258,M07366_2.00,59,499,2702,27655,0.017720500302926902,0.2751878063021835,0.4819980529801936,0.09428127188198174,True,A. thaliana,OMalley2016,ZHD1,Homeodomain,HD-ZF
259,M01078_2.00,17,499,587,27655,0.017909180954799774,0.6826028644063141,1.19245551428799,0.09455498603721874,True,A. thaliana,Stam_Arabidopsis,AT3G16350,Myb/SANT,MYB-related
260,M07053_2.00,14,499,1224,27655,0.01787656714997181,-0.6576762043690206,-1.1494311432583548,0.09455498603721874,True,A. thaliana,OMalley2016,ASR3,Trihelix,.
261,M07093_2.00,45,499,3083,27655,0.018246736607127285,-0.3059093615114734,-0.5319197243291717,0.09488303035706187,True,A. thaliana,OMalley2016,TRP2,Myb/SANT,MYB-related
262,M06572_2.00,22,499,824,27655,0.01820862663864793,0.5652878077201061,0.9834440927692617,0.09488303035706187,True,A. thaliana,OMalley2016,ERF019,AP2,DREB
263,M02374_2.00,8,499,199,27655,0.018129979323025933,1.1557320957223782,2.0128261282286313,0.09488303035706187,True,A. thaliana,Zoo_01,NAC083,NAC/NAM,.
264,M02383_2.00,8,499,199,27655,0.018129979323025933,1.1557320957223782,2.0128261282286313,0.09488303035706187,True,Malus domestica,Zoo_01,MDP0000762302,NAC/NAM,.
265,M01774_2.00,10,499,281,27655,0.018647927091200417,0.9798584909324634,1.6945373272626691,0.09584607386577162,True,A. thaliana,Zoo_01,TGA7,bZIP,.
266,M07215_2.00,185,499,9563,27655,0.018681987513003574,0.10049061636487147,0.17370576037990917,0.09584607386577162,True,A. thaliana,OMalley2016,NAC68,NAC/NAM,.
267,M06917_2.00,22,499,827,27655,0.01871015520311507,0.5600448157320496,0.9677140996926838,0.09584607386577162,True,A. thaliana,OMalley2016,HDG1,Homeodomain,HD-GL2
268,M01780_2.00,10,499,281,27655,0.018647927091200417,0.9798584909324634,1.6945373272626691,0.09584607386577162,True,A. thaliana,Zoo_01,TGA6,bZIP,.
269,M08425_2.00,75,499,3571,27655,0.019115605772595422,0.21906298817584247,0.3764842659204888,0.09722778321364212,True,A. thaliana,JASPAR,SOC1,MADS box,.
270,M01787_2.00,16,499,547,27655,0.019191550823012087,0.6969596934734703,1.1966030790304332,0.09722778321364212,True,A. thaliana,Zoo_01,BZIP63,bZIP,.
271,M07124_2.00,23,499,878,27655,0.019167687072190208,0.5378415427876816,0.9237053565013063,0.09722778321364212,True,A. thaliana,OMalley2016,MYB92,Myb/SANT,R2R3-MYB
272,M06852_2.00,29,499,2128,27655,0.019375154632823216,-0.4049447241075904,-0.6935710291462334,0.09745334664118475,True,A. thaliana,OMalley2016,AT3G52440,Dof,.
273,M07163_2.00,22,499,1707,27655,0.019377515950424255,-0.48545900812441367,-0.8314465641077848,0.09745334664118475,True,A. thaliana,OMalley2016,NAC005,NAC/NAM,.
274,M07120_2.00,4,499,546,27655,0.019471349873507092,-1.3004004246538257,-2.224470089309986,0.09756603227025139,True,A. thaliana,OMalley2016,MYB33,Myb/SANT,R2R3-MYB
275,M06906_2.00,32,499,1326,27655,0.019541527508410293,0.41949165615343914,0.7169286457730988,0.09756603227025139,True,A. thaliana,OMalley2016,WUS,Homeodomain,HD-WOX
276,M06980_2.00,43,499,1889,27655,0.019643847349837717,0.33521448457975545,0.5721351821288789,0.09772282183421074,True,A. thaliana,OMalley2016,AT5G47660,Trihelix,MADF
277,M02370_2.00,13,499,414,27655,0.019821548707041375,0.7993094769077939,1.3611140669900337,0.09825213711619789,True,A. thaliana,Zoo_01,NAC043,NAC/NAM,.
278,M07219_2.00,13,499,1145,27655,0.019945962909717254,-0.6683354485771871,-1.1362671664641981,0.09851446913831677,True,A. thaliana,OMalley2016,anac071,NAC/NAM,.
279,M01250_2.00,25,499,985,27655,0.020676601006927104,0.4922329916970133,0.829176738890529,0.09858946777697421,True,C. sativa,TF_Evolution,PK20392.1,Homeodomain,HD-ZIP
280,M02479_2.00,7,499,165,27655,0.02016458117909261,1.2333894240778154,2.0911017426810634,0.09858946777697421,True,P. patens,Zoo_01,estExt_fgenesh1_pg.C_1940033,SBP,.
281,M07002_2.00,18,499,645,27655,0.02027236873303174,0.6291263673977231,1.065171023478474,0.09858946777697421,True,A. thaliana,OMalley2016,MYB61,Myb/SANT,R2R3-MYB
282,M08145_2.00,63,499,2948,27655,0.020360558818573522,0.24411583067087367,0.41285120880264387,0.09858946777697421,True,A. thaliana,JASPAR,AGL27,MADS box,.
283,M00892_2.00,7,499,165,27655,0.02016458117909261,1.2333894240778154,2.0911017426810634,0.09858946777697421,True,A. thaliana,Franco_Zorrilla2014,TCP15,TCP,.
284,M06838_2.00,211,499,11044,27655,0.020393028833716482,0.08248073238514272,0.1394351847490507,0.09858946777697421,True,A. thaliana,OMalley2016,CDF5,Dof,.
285,M06837_2.00,177,499,9167,27655,0.020421129777646693,0.09772830819940814,0.16515304552883234,0.09858946777697421,True,A. thaliana,OMalley2016,CDF5,Dof,.
286,M01129_2.00,30,499,1233,27655,0.02054921942489163,0.43129022747170626,0.7276748860991037,0.09858946777697421,True,C. sativa,TF_Evolution,PK20397.1,bHLH,.
287,M01251_2.00,25,499,985,27655,0.020676601006927104,0.4922329916970133,0.829176738890529,0.09858946777697421,True,C. sativa,TF_Evolution,PK20392.1,Homeodomain,HD-ZIP
288,M02506_2.00,5,499,94,27655,0.020636259526210447,1.5596959594757518,2.628663249128637,0.09858946777697421,True,A. lyrata,Zoo_01,TCP24,TCP,.
289,M07326_2.00,70,499,3327,27655,0.020753144448239946,0.2216335823281275,0.3729907220267489,0.09861321741267119,True,A. thaliana,OMalley2016,ZHD6,Homeodomain,HD-ZF
290,M06748_2.00,11,499,330,27655,0.02087679994675069,0.8854661206575085,1.4878806616753137,0.09885989802963041,True,A. thaliana,OMalley2016,TGA9,bZIP,.
291,M07281_2.00,10,499,288,27655,0.0211065695747113,0.9443598097110768,1.5823526257213412,0.09900047500377564,True,A. thaliana,OMalley2016,TCP9,TCP,.
292,M01119_2.00,7,499,167,27655,0.02119386075915371,1.2160073458495788,2.035340842078789,0.09900047500377564,True,C. sativa,TF_Evolution,PK03576.1,bHLH,.
293,M01291_2.00,8,499,206,27655,0.02117267401897754,1.1058561890828087,1.85145129186424,0.09900047500377564,True,C. sativa,TF_Evolution,PK19314.1,NAC/NAM,.
294,M06726_2.00,17,499,602,27655,0.02112733999738551,0.6461998807566645,1.0824850766799299,0.09900047500377564,True,A. thaliana,OMalley2016,BPE,bHLH,.
295,M06835_2.00,179,499,9299,27655,0.021271127727429937,0.09331262948738774,0.15603826405962656,0.09902572300134613,True,A. thaliana,OMalley2016,DOF1.8,Dof,.
296,M07286_2.00,10,499,289,27655,0.021472422828362883,0.9393591286527104,1.566962762828643,0.09962625810600692,True,A. thaliana,OMalley2016,TCP20,TCP,.
297,M06808_2.00,58,499,2699,27655,0.021725627413447367,0.2521284499267476,0.41929658930988817,0.10046280058969957,True,A. thaliana,OMalley2016,IDD5,C2H2 ZF,.
298,M06830_2.00,92,499,4533,27655,0.02191105529592421,0.16966822643705445,0.2815367158219854,0.1009813852768681,True,A. thaliana,OMalley2016,DOF1.5,Dof,.
299,M07098_2.00,23,499,896,27655,0.022262744644705925,0.5085637502654355,0.8403615708301244,0.10158298715365816,True,A. thaliana,OMalley2016,MYB27,Myb/SANT,R2R3-MYB
300,M06919_2.00,22,499,847,27655,0.022254919026786283,0.5255701755711256,0.8685435976188403,0.10158298715365816,True,A. thaliana,OMalley2016,ANL2,Homeodomain,HD-GL2
301,M06629_2.00,11,499,334,27655,0.022222900954330754,0.8680840424292721,1.4351158873128675,0.10158298715365816,True,A. thaliana,OMalley2016,ERF011,AP2,DREB
302,M00973_2.00,7,499,170,27655,0.022792630894608243,1.1903207021859294,1.95475125440381,0.10358934094546708,True,A. thaliana,Lindemose2014,NAC029,NAC/NAM,.
303,M07142_2.00,26,499,1048,27655,0.022852800905240923,0.459373432869669,0.7538596248072347,0.10358934094546708,True,A. thaliana,OMalley2016,MYB80,Myb/SANT,R2R3-MYB
304,M02652_2.00,83,499,4063,27655,0.023123634973115113,0.1790664983818638,0.29294274482014016,0.10361861521322653,True,Pisum sativum,JASPAR,HMG-I Y,AT hook,.
305,M01127_2.00,9,499,251,27655,0.02304005124379252,0.9907381637575675,1.622350149108835,0.10361861521322653,True,C. sativa,TF_Evolution,PK18474.1,bHLH,.
306,M06940_2.00,25,499,1000,27655,0.02316003881398677,0.4704286213786647,0.7692734447439968,0.10361861521322653,True,A. thaliana,OMalley2016,HSFA1E,HSF,.
307,M07238_2.00,23,499,1736,27655,0.02294411472404884,-0.4456325601214395,-0.7305382429966127,0.10361861521322653,True,A. thaliana,OMalley2016,anac096,NAC/NAM,.
308,M06932_2.00,32,499,1354,27655,0.02328306384712669,0.3893446926910301,0.6357842591179539,0.1038319157972187,True,A. thaliana,OMalley2016,ATHB-5,Homeodomain,HD-ZIP
309,M06583_2.00,14,499,472,27655,0.023417543956326087,0.7170685889617899,1.1691506877444515,0.10408819178306247,True,A. thaliana,OMalley2016,RAP2-1,AP2,DREB
310,M06924_2.00,50,499,2294,27655,0.023491602064247046,0.2725632300249267,0.4440293140591999,0.10408819178306247,True,A. thaliana,OMalley2016,HB-5,Homeodomain,HD-ZIP
311,M01311_2.00,5,499,98,27655,0.023749137029388863,1.4995749670381813,2.4358378468051973,0.1048920218798008,True,A. thaliana,TF_Evolution,TCP8,TCP,.
312,M01289_2.00,7,499,172,27655,0.023894709851753904,1.1734468836215333,1.9029767443233798,0.10519779608855233,True,A. thaliana,TF_Evolution,anac028,NAC/NAM,.
313,M06885_2.00,19,499,710,27655,0.023991352547685862,0.5686090153175682,0.9211154833382993,0.10528689111691439,True,A. thaliana,OMalley2016,GATA20,GATA,.
314,M07148_2.00,38,499,2603,27655,0.024354273603307146,-0.3056753666944996,-0.4931842232660575,0.10654028262018174,True,A. thaliana,OMalley2016,TRP1,Myb/SANT,MYB-related
315,M06616_2.00,15,499,522,27655,0.02445984442912606,0.671341315304661,1.0818976191042147,0.1066634988080244,True,A. thaliana,OMalley2016,ERF4,AP2,ERF
316,M06868_2.00,183,499,9615,27655,0.024970669930851532,0.07698541232280987,0.12337449728574695,0.10719496312994832,True,A. thaliana,OMalley2016,DOF5.8,Dof,.
317,M06918_2.00,21,499,811,27655,0.024775743975552853,0.5211160348275143,0.8368984357822427,0.10719496312994832,True,A. thaliana,OMalley2016,HDG1,Homeodomain,HD-GL2
318,M06993_2.00,49,499,2255,27655,0.02489155323904337,0.268154842238492,0.4301064235593106,0.10719496312994832,True,A. thaliana,OMalley2016,AGL15,MADS box,.
319,M06935_2.00,27,499,1111,27655,0.024961736790310367,0.4296011170404033,0.6885325364658759,0.10719496312994832,True,A. thaliana,OMalley2016,ATHB-53,Homeodomain,HD-ZIP
320,M06847_2.00,165,499,8612,27655,0.024800279401028504,0.08654632634460886,0.13895388533868416,0.10719496312994832,True,A. thaliana,OMalley2016,DOF3.2,Dof,.
321,M06730_2.00,14,499,478,27655,0.025147741195862123,0.6988448303428825,1.1178030173996685,0.1076198365462671,True,A. thaliana,OMalley2016,AT2G22750,bHLH,.
322,M06854_2.00,162,499,8460,27655,0.02539376171388519,0.08576477114333957,0.1368182203250278,0.10833623418493434,True,A. thaliana,OMalley2016,OBP3,Dof,.
323,M08407_2.00,19,499,717,27655,0.025550480790235197,0.5544549210077079,0.8830254190790179,0.10866840286711142,True,A. thaliana,JASPAR,HY5,bZIP,.
324,M07405_2.00,20,499,767,27655,0.02582848392272949,0.5312020436504558,0.8434963015965351,0.10917684308442097,True,A. thaliana,OMalley2016,WRKY42,WRKY,.
325,M06832_2.00,207,499,10970,27655,0.02581172683734618,0.0645677684747972,0.102545428341725,0.10917684308442097,True,A. thaliana,OMalley2016,DOF1.6,Dof,.
326,M00972_2.00,7,499,176,27655,0.026184537338470776,1.140280019686334,1.8038717872788481,0.10956698114104235,True,A. thaliana,Lindemose2014,NAC019,NAC/NAM,.
327,M06867_2.00,209,499,11090,27655,0.02613204837036042,0.06274410329783739,0.09931303234264363,0.10956698114104235,True,A. thaliana,OMalley2016,DOF5.6,Dof,.
328,M02261_2.00,5,499,101,27655,0.0262369199727413,1.4560733284015945,2.3021788280884983,0.10956698114104235,True,A. thaliana,Zoo_01,LBD4,LOB,.
329,M06839_2.00,209,499,11093,27655,0.02623882712376196,0.062353886902484695,0.09858496093639821,0.10956698114104235,True,A. thaliana,OMalley2016,DOF2.2,Dof,.
330,M06829_2.00,187,499,9881,27655,0.026629786573073282,0.06880983530561832,0.10835019020983085,0.11086358277249239,True,A. thaliana,OMalley2016,DOF1.5,Dof,.
331,M02503_2.00,4,499,68,27655,0.026812452014296145,1.7048938750156877,2.679519419699303,0.1111604128458801,True,A. thaliana,Zoo_01,TCP2,TCP,.
332,M06951_2.00,21,499,821,27655,0.026862421972190183,0.5034357272669826,0.7908244452834491,0.1111604128458801,True,A. thaliana,OMalley2016,HSFA6A,HSF,.
333,M06815_2.00,89,499,4450,27655,0.02696328840795159,0.1485005264913022,0.23303105690666026,0.11123174681704942,True,A. thaliana,OMalley2016,IDD2,C2H2 ZF,.
334,M07364_2.00,41,499,2747,27655,0.027041099552766006,-0.27373247419174557,-0.4292058549592002,0.11123174681704942,True,A. thaliana,OMalley2016,AT5G63260,C3H,.
335,M06914_2.00,40,499,1800,27655,0.027291153345584282,0.3005036199363523,0.46998108365124075,0.1119262181851641,True,A. thaliana,OMalley2016,HAT5,Homeodomain,HD-ZIP
336,M07316_2.00,10,499,304,27655,0.027387975544262977,0.8663572977098037,1.3536313556676896,0.11199000089019105,True,A. thaliana,OMalley2016,BZR1,BES1,.
337,M07010_2.00,25,499,1025,27655,0.027616328951879213,0.4348047116479433,0.6777883908502286,0.11234784140136539,True,A. thaliana,OMalley2016,MYB51,Myb/SANT,R2R3-MYB
338,M07388_2.00,22,499,875,27655,0.027771155119560843,0.4786491281836332,0.7449724016765343,0.11234784140136539,True,A. thaliana,OMalley2016,WRKY25,WRKY,.
339,M06810_2.00,10,499,909,27655,0.027806737089108236,-0.7138516730407176,-1.1106461036053712,0.11234784140136539,True,A. thaliana,OMalley2016,AT2G15740,C2H2 ZF,.
340,M02474_2.00,4,499,69,27655,0.027951740674417067,1.6838322594878579,2.6159868822148438,0.11234784140136539,True,A. thaliana,Zoo_01,SPL5,SBP,.
341,M06863_2.00,232,499,12426,27655,0.028137745319045192,0.049263372451931034,0.07639323905402365,0.11234784140136539,True,A. thaliana,OMalley2016,DOF5.1,Dof,.
342,M06758_2.00,17,499,631,27655,0.02820058444306606,0.5783233625338173,0.8962519414918729,0.11234784140136539,True,A. thaliana,OMalley2016,TGA7,bZIP,.
343,M01714_2.00,5,499,103,27655,0.027966519822606846,1.427784283970171,2.2178652430215497,0.11234784140136539,True,A. thaliana,Zoo_01,ILR3,bHLH,.
344,M06828_2.00,11,499,350,27655,0.028080409783865345,0.8005772230709955,1.242172864320123,0.11234784140136539,True,A. thaliana,OMalley2016,EICBP.B,CG-1,.
345,M06713_2.00,175,499,9255,27655,0.028209254807599726,0.06755055334041955,0.10467690395373834,0.11234784140136539,True,A. thaliana,OMalley2016,AT5G60130,B3,REM
346,M07306_2.00,27,499,1924,27655,0.02887382609723464,-0.3626488653405463,-0.5582963555813065,0.1130344669374697,True,A. thaliana,OMalley2016,SRS7,SRS,.
347,M07069_2.00,49,499,2293,27655,0.028857600094568284,0.2440459208004417,0.37576721466946056,0.1130344669374697,True,A. thaliana,OMalley2016,RVE8,Myb/SANT,MYB-related
348,M07338_2.00,60,499,2885,27655,0.028609361299579344,0.2048917083417008,0.31624867942893653,0.1130344669374697,True,A. thaliana,OMalley2016,ZHD9,Homeodomain,HD-ZF
349,M07020_2.00,30,499,1288,27655,0.02882618677833923,0.3683304337599285,0.5673072500685512,0.1130344669374697,True,A. thaliana,OMalley2016,AtMYB93,Myb/SANT,R2R3-MYB
350,M06720_2.00,13,499,443,27655,0.028707959081249568,0.7016335458521008,1.081917300937668,0.1130344669374697,True,A. thaliana,OMalley2016,BHLH74,bHLH,.
351,M06849_2.00,140,499,7317,27655,0.028848712335291196,0.08460318969365362,0.13027821548015572,0.1130344669374697,True,A. thaliana,OMalley2016,CDF3,Dof,.
352,M07126_2.00,20,499,781,27655,0.028963801464247624,0.5051060730114101,0.7769260968547529,0.11306549126836607,True,A. thaliana,OMalley2016,AtMYB40,Myb/SANT,R2R3-MYB
353,M06652_2.00,10,499,308,27655,0.02909662757178365,0.8474982704584879,1.3018906928313738,0.1132631434856437,True,A. thaliana,OMalley2016,ERF043,AP2,DREB
354,M06710_2.00,41,499,2722,27655,0.029472940779602656,-0.2605426306198841,-0.39878043510904193,0.11376390026412454,True,A. thaliana,OMalley2016,AT5G18090,AP2,B3
355,M06571_2.00,12,499,399,27655,0.029459716916228326,0.7370742807648374,1.1282922512896527,0.11376390026412454,True,A. thaliana,OMalley2016,ERF019,AP2,DREB
356,M07203_2.00,20,499,1509,27655,0.029447204492223104,-0.4450922793732939,-0.6814166634994945,0.11376390026412454,True,A. thaliana,OMalley2016,NAC053,NAC/NAM,.
357,M06587_2.00,15,499,540,27655,0.0296155602907333,0.6224317148237145,0.9513744564895003,0.11378829667774988,True,A. thaliana,OMalley2016,ERF8,AP2,ERF
358,M06740_2.00,13,499,446,27655,0.029726986069658897,0.6918965344868143,1.0564216150776753,0.11378829667774988,True,A. thaliana,OMalley2016,BIM1,bHLH,.
359,M08143_2.00,37,499,1660,27655,0.029682169507361463,0.30484255566068974,0.4656483326106347,0.11378829667774988,True,A. thaliana,JASPAR,SEP3,MADS box,.
360,M06931_2.00,22,499,885,27655,0.029882686403050904,0.4622546899329646,0.7047444228659698,0.11388848056994741,True,A. thaliana,OMalley2016,HDG7,Homeodomain,HD-GL2
361,M06661_2.00,21,499,835,27655,0.029918454257126966,0.47904175168337293,0.7300887783643185,0.11388848056994741,True,A. thaliana,OMalley2016,LEP,AP2,ERF
362,M07307_2.00,25,499,1791,27655,0.031083821950639197,-0.3703367159452095,-0.5582698550235784,0.11426918567742293,True,A. thaliana,OMalley2016,SRS7,SRS,.
363,M07156_2.00,24,499,991,27655,0.03086397646517872,0.424577969800695,0.6413454544427897,0.11426918567742293,True,A. thaliana,OMalley2016,MYB44,Myb/SANT,R2R3-MYB
364,M01055_2.00,8,499,225,27655,0.030790323804026475,0.9785755250489899,1.479200812943519,0.11426918567742293,True,A. thaliana,Stam_Arabidopsis,TGA6,bZIP,.
365,M02683_2.00,20,499,787,27655,0.030358503507606,0.4940649856459029,0.749852132331798,0.11426918567742293,True,A. thaliana,JASPAR,HAT5,Homeodomain,HD-ZIP
366,M07107_2.00,31,499,1352,27655,0.03076414439252134,0.3456735903707177,0.5226429682692395,0.11426918567742293,True,A. thaliana,OMalley2016,MYB39,Myb/SANT,R2R3-MYB
367,M07176_2.00,10,499,312,27655,0.030857881745891314,0.828882592291141,1.2521381344169096,0.11426918567742293,True,A. thaliana,OMalley2016,NAC018,NAC/NAM,.
368,M06691_2.00,13,499,448,27655,0.030416021188518067,0.6854415123495149,1.0397445836104784,0.11426918567742293,True,A. thaliana,OMalley2016,ERF010,AP2,DREB
369,M06861_2.00,122,499,6357,27655,0.030977669998015222,0.08896368073558743,0.13424185734305874,0.11426918567742293,True,A. thaliana,OMalley2016,DOF4.7,Dof,.
370,M07392_2.00,17,499,640,27655,0.03060579796859536,0.5578914626290041,0.8447571845475474,0.11426918567742293,True,A. thaliana,OMalley2016,WRKY55,WRKY,.
371,M06836_2.00,61,499,3825,27655,0.031073675243759865,-0.17814997863846319,-0.2685802220896693,0.11426918567742293,True,A. thaliana,OMalley2016,DOF1.8,Dof,.
372,M07427_2.00,22,499,888,27655,0.03052928480946958,0.45737246855321856,0.6930488952788252,0.11426918567742293,True,A. thaliana,OMalley2016,WRKY24,WRKY,.
373,M02360_2.00,7,499,184,27655,0.03109647650873265,1.0761496822666181,1.6220683819162551,0.11426918567742293,True,O. tauri,Zoo_01,600010132,Myb/SANT,MYB-related
374,M06797_2.00,99,499,5057,27655,0.030225013816187384,0.11764727321835254,0.17878073661877072,0.11426918567742293,True,A. thaliana,OMalley2016,AT1G14580,C2H2 ZF,.
375,M01317_2.00,6,499,145,27655,0.03174129653285545,1.1974101269722488,1.7941698033019422,0.11485213802588118,True,C. sativa,TF_Evolution,PK14653.1,TCP,.
376,M07412_2.00,31,499,2129,27655,0.032082990752115556,-0.3094072077993916,-0.46216932908726027,0.11485213802588118,True,A. thaliana,OMalley2016,WRKY7,WRKY,.
377,M08148_2.00,103,499,5315,27655,0.03215628212468634,0.10300326703077849,0.15375649628649485,0.11485213802588118,True,A. thaliana,JASPAR,PI,MADS box,.
378,M06696_2.00,84,499,4250,27655,0.03197264300499139,0.13142701313236094,0.19651249065305962,0.11485213802588118,True,A. thaliana,OMalley2016,HMGB15,HMGBox,.
379,M02525_2.00,9,499,827,27655,0.03200133575259625,-0.7294618014629353,-1.0904227660054013,0.11485213802588118,True,Brachypodium distachyon,Zoo_01,BRADI1G55710,TCR/CxC,.
380,M06632_2.00,10,499,314,27655,0.03175771441156148,0.8196640622617622,1.227980338722961,0.11485213802588118,True,A. thaliana,OMalley2016,ERF035,AP2,DREB
381,M08144_2.00,119,499,6214,27655,0.03217193416399865,0.08586795345212973,0.1281598807810621,0.11485213802588118,True,A. thaliana,JASPAR,AP1,MADS box,.
382,M06986_2.00,68,499,3357,27655,0.03151771693715672,0.16686273581881628,0.25053526196787596,0.11485213802588118,True,A. thaliana,OMalley2016,AGL6,MADS box,.
383,M06946_2.00,22,499,895,27655,0.032060202515657915,0.44604446275170545,0.6664054762899645,0.11485213802588118,True,A. thaliana,OMalley2016,HSFB2B,HSF,.
384,M07353_2.00,51,499,2430,27655,0.031917032080192545,0.21804145974437936,0.32618511781754866,0.11485213802588118,True,A. thaliana,OMalley2016,ZHD10,Homeodomain,HD-ZF
385,M01781_2.00,11,499,360,27655,0.03210580112005478,0.7599352385736498,1.1348998157657166,0.11485213802588118,True,A. thaliana,Zoo_01,GBF2,bZIP,.
386,M10065_2.00,9,499,271,27655,0.03236487635734764,0.8801326763544679,1.3113325999907164,0.11524237628016808,True,Antirrhinum majus,Transfac,bZIP911,bZIP,.
387,M06902_2.00,21,499,847,27655,0.03265187373813013,0.45845597971258867,0.6813077140822128,0.1159646443586168,True,A. thaliana,OMalley2016,ATHB-X,Homeodomain,HD-ZIP
388,M02532_2.00,59,499,3690,27655,0.0329667800191469,-0.17440533531989016,-0.25845535967730887,0.11678206392386742,True,C. sativa,Zoo_01,PK22848.1,TCR/CxC,.
389,M07034_2.00,58,499,3633,27655,0.033103136979818516,-0.1766079390218857,-0.2614028587014078,0.11696441732869209,True,A. thaliana,OMalley2016,AT1G72740,Myb/SANT,MYB-related
390,M06614_2.00,10,499,318,27655,0.03359465136203607,0.8014018558690339,1.1810498461072139,0.11732909739896925,True,A. thaliana,OMalley2016,ERF034,AP2,DREB
391,M06712_2.00,122,499,6408,27655,0.033300015899554225,0.07743562142020304,0.11441543290439436,0.11732909739896925,True,A. thaliana,OMalley2016,AT5G60130,B3,REM
392,M02039_2.00,14,499,504,27655,0.03337768836098811,0.6224317148237147,0.9190476549350016,0.11732909739896925,True,A. thaliana,Zoo_01,HDG11,Homeodomain,HD-GL2
393,M06705_2.00,139,499,7376,27655,0.03354809909093635,0.06267484856019635,0.0924035400218275,0.11732909739896925,True,A. thaliana,OMalley2016,VRN1,B3,REM
394,M02381_2.00,8,499,230,27655,0.03363207073482791,0.9468666653216516,1.394967898621786,0.11732909739896925,True,P. patens,Zoo_01,e_gw1.288.15.1,NAC/NAM,.
395,M06933_2.00,18,499,701,27655,0.03378099450127704,0.5090110836977163,0.7489220404174698,0.11755103642111052,True,A. thaliana,OMalley2016,ATHB-5,Homeodomain,HD-ZIP
396,M06910_2.00,27,499,1168,27655,0.03516697159067387,0.35741965954947835,0.519639943842933,0.11819533378524047,True,A. thaliana,OMalley2016,ATHB-6,Homeodomain,HD-ZIP
397,M06887_2.00,43,499,2017,27655,0.03434607020180017,0.2406261023551637,0.3523061980417552,0.11819533378524047,True,A. thaliana,OMalley2016,GATA1,GATA,.
398,M02534_2.00,57,499,2789,27655,0.03492605554659469,0.1797145114024565,0.2618171685382289,0.11819533378524047,True,Chlorella vulgaris,Zoo_01,fgeneshCV_pg.C_scaffold_18000164,TCR/CxC,.
399,M06938_2.00,23,499,959,27655,0.034902363551762586,0.4105316673049089,0.5982042328916459,0.11819533378524047,True,A. thaliana,OMalley2016,HSFB3,HSF,.
400,M06864_2.00,135,499,7778,27655,0.03505164109897402,-0.0560112061173504,-0.08151264022103208,0.11819533378524047,True,A. thaliana,OMalley2016,DOF5.1,Dof,.
401,M11457_2.00,19,499,755,27655,0.034826258973390194,0.47995139549717136,0.6998138540213032,0.11819533378524047,True,Nicotiana tabacum,Transfac,Q9SXJ0_TOBAC,Unknown,.
402,M07134_2.00,28,499,1218,27655,0.03471938800193251,0.34941322041729866,0.5099434160384875,0.11819533378524047,True,A. thaliana,OMalley2016,PHL11,Myb/SANT,G2-like
403,M07346_2.00,24,499,1008,27655,0.034360593090326366,0.40003929348726686,0.5856332626895626,0.11819533378524047,True,A. thaliana,OMalley2016,AT4G27900,Unknown,.
404,M00891_2.00,6,499,148,27655,0.034069033119402105,1.1678658513582336,1.7140068617955546,0.11819533378524047,True,A. thaliana,Franco_Zorrilla2014,TCP23,TCP,.
405,M06866_2.00,155,499,8855,27655,0.03494832513707737,-0.04379547009901215,-0.06379132697094779,0.11819533378524047,True,A. thaliana,OMalley2016,DOF5.4,Dof,.
406,M07232_2.00,19,499,753,27655,0.0343077103387209,0.48377817503768455,0.7085455137529534,0.11819533378524047,True,A. thaliana,OMalley2016,ANAC087,NAC/NAM,.
407,M01322_2.00,36,499,1645,27655,0.03509353655892816,0.27840984908573574,0.40502309336893766,0.11819533378524047,True,C. sativa,TF_Evolution,PK27683.1,TCR/CxC,.
408,M06952_2.00,21,499,856,27655,0.034763506373664925,0.4432071526436402,0.646584466601858,0.11819533378524047,True,A. thaliana,OMalley2016,HSFB2A,HSF,.
409,M06694_2.00,58,499,2842,27655,0.03471537765234105,0.17764687215081887,0.25927172048491615,0.11819533378524047,True,A. thaliana,OMalley2016,ARID6,ARID/BRIGHT,.
410,M07079_2.00,25,499,1071,27655,0.03666514630182216,0.37147014129049566,0.5333369840891207,0.11838126624249873,True,A. thaliana,OMalley2016,PHL12,Myb/SANT,G2-like
411,M06706_2.00,27,499,1170,27655,0.03554715346172582,0.3549514039587288,0.5143938605189439,0.11838126624249873,True,A. thaliana,OMalley2016,FUS3,B3,FUS
412,M02286_2.00,37,499,1711,27655,0.03685054041917079,0.26118603740556356,0.37442484728088127,0.11838126624249873,True,A. thaliana,Zoo_01,RVE7,Myb/SANT,MYB-related
413,M07298_2.00,99,499,5805,27655,0.03674197811067642,-0.08136701540729213,-0.11674844219493075,0.11838126624249873,True,A. thaliana,OMalley2016,TCX3,TCR/CxC,.
414,M07329_2.00,42,499,1979,27655,0.03639277108562174,0.2341182419972754,0.3368926090322043,0.11838126624249873,True,A. thaliana,OMalley2016,AT2G31460,Unknown,.
415,M10630_2.00,15,499,562,27655,0.036548450348634715,0.5648209916536195,0.811721774837706,0.11838126624249873,True,A. thaliana,Transfac,ATHB-5,Homeodomain,HD-ZIP
416,M07324_2.00,24,499,1020,27655,0.03690426306849213,0.3829657801283251,0.5487606517043462,0.11838126624249873,True,A. thaliana,OMalley2016,AGL95,MADS box,.
417,M01672_2.00,36,499,1658,27655,0.03699911432123386,0.26705342621258904,0.38236941150620396,0.11838126624249873,True,A. thaliana,Zoo_01,AHL13,AT hook,.
418,M07114_2.00,5,499,553,27655,0.03679190857419458,-0.9968508590813175,-1.4297310345649308,0.11838126624249873,True,A. thaliana,OMalley2016,MYB73,Myb/SANT,R2R3-MYB
419,M07218_2.00,27,499,1177,27655,0.03688627406632134,0.3463456133910514,0.4963600938111035,0.11838126624249873,True,A. thaliana,OMalley2016,BRN2,NAC/NAM,.
420,M06562_2.00,22,499,915,27655,0.03658758022830603,0.4141604017319194,0.595010297035067,0.11838126624249873,True,A. thaliana,OMalley2016,ERF10,AP2,ERF
421,M06633_2.00,10,499,322,27655,0.03547963610464105,0.7833679330387724,1.1358998307538053,0.11838126624249873,True,A. thaliana,OMalley2016,RAP2-9,AP2,DREB
422,M06840_2.00,114,499,6636,27655,0.03559304731445316,-0.07085144052509454,-0.1026378643650452,0.11838126624249873,True,A. thaliana,OMalley2016,DOF2.2,Dof,.
423,M06806_2.00,84,499,4329,27655,0.03701803723991213,0.10485605383243303,0.15011052285513599,0.11838126624249873,True,A. thaliana,OMalley2016,SGR5,C2H2 ZF,.
424,M00875_2.00,37,499,1711,27655,0.03685054041917079,0.26118603740556356,0.37442484728088127,0.11838126624249873,True,A. thaliana,Franco_Zorrilla2014,CCA1,Myb/SANT,MYB-related
425,M06834_2.00,135,499,7769,27655,0.03535565728841667,-0.05434088299155123,-0.07887802422926402,0.11838126624249873,True,A. thaliana,OMalley2016,DOF1.7,Dof,.
426,1.HSF1b-NS,214,499,11829,27655,0.03634924673384794,0.0037832068382012913,0.005445943588098789,0.11838126624249873,True,.,.,1.HSF1b-NS,.,.
427,M06759_2.00,10,499,324,27655,0.036439488476207225,0.7744348082687645,1.1139685018338115,0.11838126624249873,True,A. thaliana,OMalley2016,TGA7,bZIP,.
428,M06992_2.00,47,499,2259,27655,0.03714084782932887,0.20547701255058015,0.2938625769006074,0.11838126624249873,True,A. thaliana,OMalley2016,AGL15,MADS box,.
429,M06869_2.00,188,499,10408,27655,0.037165881213633505,0.0015403212258688077,0.00220243687745558,0.11838126624249873,True,A. thaliana,OMalley2016,DOF5.8,Dof,.
430,M02378_2.00,8,499,236,27655,0.03719817727358632,0.9097136669041856,1.3004159826325223,0.11838126624249873,True,Oryza sativa,Zoo_01,OS06G0131700,NAC/NAM,.
431,M06907_2.00,26,499,1121,27655,0.036203715972665,0.3622258716016924,0.5220568967656602,0.11838126624249873,True,A. thaliana,OMalley2016,ATHB-21,Homeodomain,HD-ZIP
432,M06582_2.00,13,499,465,27655,0.03656603562394276,0.6317095284117255,0.9077173960334975,0.11838126624249873,True,A. thaliana,OMalley2016,RAP2-1,AP2,DREB
433,M02359_2.00,23,499,1633,27655,0.037423944016230705,-0.3573904032386551,-0.509942655975049,0.1185521720790021,True,O. tauri,Zoo_01,100010593,Myb/SANT,MYB
434,M02514_2.00,5,499,113,27655,0.037419308925293986,1.2941058487382018,1.8465651193192711,0.1185521720790021,True,A. lyrata,Zoo_01,TCP4,TCP,.
435,M01645_2.00,4,499,484,27655,0.03758539853419271,-1.1265065210085676,-1.6052502090023122,0.11879054857825128,True,A. thaliana,Zoo_01,RAV1,AP2,B3
436,M06958_2.00,9,499,284,27655,0.03925993745282715,0.8125345982036574,1.1424645940830729,0.11890152485713366,True,A. thaliana,OMalley2016,LBD16,LOB,.
437,M07295_2.00,102,499,5939,27655,0.03791939076821316,-0.071222259051027,-0.1012167049971752,0.11890152485713366,True,A. thaliana,OMalley2016,AT2G20110,TCR/CxC,.
438,M06998_2.00,44,499,2108,27655,0.03880260268591623,0.21012918326610963,0.29652151561683776,0.11890152485713366,True,A. thaliana,OMalley2016,LHY,Myb/SANT,MYB-related
439,M07040_2.00,30,499,1348,27655,0.03903349735851415,0.3026425306926871,0.42629093013039565,0.11890152485713366,True,A. thaliana,OMalley2016,PHL7,Myb/SANT,G2-like
440,M01704_2.00,7,499,196,27655,0.03923577221405197,0.9850017942084229,1.3852255517522891,0.11890152485713366,True,A. thaliana,Zoo_01,BHLH34,bHLH,.
441,M07379_2.00,39,499,1827,27655,0.037894672189213864,0.24249801650078648,0.3446919781397417,0.11890152485713366,True,A. thaliana,OMalley2016,WRKY40,WRKY,.
442,M07032_2.00,15,499,567,27655,0.03820784136228256,0.5520423869323166,0.7827119171348323,0.11890152485713366,True,A. thaliana,OMalley2016,MYB105,Myb/SANT,R2R3-MYB
443,M01124_2.00,7,499,196,27655,0.03923577221405197,0.9850017942084229,1.3852255517522891,0.11890152485713366,True,C. sativa,TF_Evolution,PK09702.1,bHLH,.
444,M06714_2.00,13,499,469,27655,0.03808340572742524,0.6193523218917426,0.879024590289588,0.11890152485713366,True,A. thaliana,OMalley2016,ARF2,B3,ARF
445,M07139_2.00,45,499,2167,27655,0.03925934285781452,0.20272637450202843,0.285044832704565,0.11890152485713366,True,A. thaliana,OMalley2016,RVE6,Myb/SANT,MYB-related
446,M06695_2.00,116,499,6668,27655,0.038386202806897286,-0.05270067759281749,-0.07461492876364206,0.11890152485713366,True,A. thaliana,OMalley2016,ARID3,ARID/BRIGHT,.
447,M06630_2.00,17,499,667,27655,0.038324637469308406,0.4982766063317813,0.7058197473742102,0.11890152485713366,True,A. thaliana,OMalley2016,DREB2F,AP2,DREB
448,M06676_2.00,19,499,769,27655,0.03853330327798681,0.45344444174778603,0.6412446964109331,0.11890152485713366,True,A. thaliana,OMalley2016,ERF105,AP2,ERF
449,M01705_2.00,7,499,196,27655,0.03923577221405197,0.9850017942084229,1.3852255517522891,0.11890152485713366,True,A. thaliana,Zoo_01,UNE10,bHLH,.
450,M06862_2.00,38,499,2472,27655,0.03819397421546106,-0.2311787981947619,-0.3278127262788895,0.11890152485713366,True,A. thaliana,OMalley2016,DOF4.7,Dof,.
451,M01120_2.00,7,499,196,27655,0.03923577221405197,0.9850017942084229,1.3852255517522891,0.11890152485713366,True,C. sativa,TF_Evolution,PK05451.1,bHLH,.
452,M01956_2.00,8,499,742,27655,0.037834560644217,-0.7429186603547763,-1.0565130255370672,0.11890152485713366,True,P. patens,Zoo_01,gw1.385.26.1,Dof,.
453,M01122_2.00,7,499,196,27655,0.03923577221405197,0.9850017942084229,1.3852255517522891,0.11890152485713366,True,C. sativa,TF_Evolution,PK06517.1,bHLH,.
454,M01758_2.00,7,499,196,27655,0.03923577221405197,0.9850017942084229,1.3852255517522891,0.11890152485713366,True,P. patens,Zoo_01,gw1.270.82.1,bHLH,.
455,M06891_2.00,10,499,859,27655,0.0395807554922999,-0.6322295099850743,-0.8867119531725238,0.11961026550085363,True,A. thaliana,OMalley2016,GATA4,GATA,.
456,M06841_2.00,99,499,5738,27655,0.039675717420507635,-0.06461891642302779,-0.09056180956367336,0.1196348765983797,True,A. thaliana,OMalley2016,DOF2.4,Dof,.
457,M06848_2.00,104,499,5997,27655,0.039807920318441894,-0.05722882305866465,-0.08012209836959618,0.11977142838168763,True,A. thaliana,OMalley2016,DOF3.2,Dof,.
458,M07350_2.00,132,499,7202,27655,0.03993995686107443,0.022568951434200058,0.031564764144673144,0.11990688573978336,True,A. thaliana,OMalley2016,FRS9,FAR1,.
459,M06563_2.00,14,499,525,27655,0.040775883218930595,0.5635380257701462,0.783090537669457,0.12154163597499706,True,A. thaliana,OMalley2016,ERF10,AP2,ERF
460,M06916_2.00,44,499,2127,27655,0.04109114269491436,0.19718401694265214,0.27334669474377654,0.12154163597499706,True,A. thaliana,OMalley2016,WOX11,Homeodomain,HD-WOX
461,M07116_2.00,18,499,729,27655,0.0416363208222478,0.4525067133814024,0.6246980313232172,0.12154163597499706,True,A. thaliana,OMalley2016,MYB3R5,Myb/SANT,c-myb
462,M06843_2.00,55,499,3373,27655,0.04100191129504142,-0.1461001732274399,-0.2026695610372064,0.12154163597499706,True,A. thaliana,OMalley2016,DOF2.5,Dof,.
463,M02375_2.00,6,499,157,27655,0.04150244635601931,1.0826984680955563,1.4962094913923207,0.12154163597499706,True,A. thaliana,Zoo_01,NAC100,NAC/NAM,.
464,M02041_2.00,62,499,3143,27655,0.04142793095748834,0.12862646985415116,0.17785268889432798,0.12154163597499706,True,A. thaliana,Zoo_01,ATHB-22,Homeodomain,HD-ZIP
465,M00884_2.00,6,499,158,27655,0.04236724945667063,1.0735384688100804,1.4739358217869698,0.12154163597499706,True,A. thaliana,Franco_Zorrilla2014,anac046,NAC/NAM,.
466,M01062_2.00,16,499,1203,27655,0.04234591492327679,-0.44006421091004966,-0.6042911045984459,0.12154163597499706,True,A. thaliana,Stam_Arabidopsis,DOF1.8,Dof,.
467,M06842_2.00,86,499,5027,27655,0.04085182473892145,-0.0768605027272419,-0.10674298536280612,0.12154163597499706,True,A. thaliana,OMalley2016,DOF2.4,Dof,.
468,M01069_2.00,38,499,1805,27655,0.04242491067051784,0.22250110793507924,0.3053558621257753,0.12154163597499706,True,A. thaliana,Stam_Arabidopsis,RVE7,Myb/SANT,MYB-related
469,M07343_2.00,11,499,381,27655,0.0413585283805598,0.6781411474100024,0.9381641458525597,0.12154163597499706,True,A. thaliana,OMalley2016,BEH3,BES1,.
470,M08146_2.00,53,499,2643,27655,0.04233465524133402,0.15231646118765618,0.20917680124453564,0.12154163597499706,True,A. thaliana,JASPAR,AP3,MADS box,.
471,M07185_2.00,12,499,972,27655,0.04146863473603654,-0.5474932866185979,-0.7567891639962275,0.12154163597499706,True,A. thaliana,OMalley2016,SMB,NAC/NAM,.
472,M00864_2.00,26,499,1145,27655,0.04102680787618133,0.3316645514228129,0.45999626996292775,0.12154163597499706,True,A. thaliana,Franco_Zorrilla2014,ATHB-15,Homeodomain,HD-ZIP
473,M07277_2.00,9,499,287,27655,0.04093286536879763,0.7973747910326516,1.106698681716833,0.12154163597499706,True,A. thaliana,OMalley2016,TCP15,TCP,.
474,M01224_2.00,16,499,1203,27655,0.04234591492327679,-0.44006421091004966,-0.6042911045984459,0.12154163597499706,True,C. sativa,TF_Evolution,PK23763.1,Dof,.
475,M02555_2.00,12,499,431,27655,0.04226807905386768,0.6257751578980851,0.8598072378715589,0.12154163597499706,True,A. thaliana,Zoo_01,WRKY43,WRKY,.
476,M06621_2.00,16,499,629,27655,0.042184784029455594,0.4954405093867376,0.6811534959016559,0.12154163597499706,True,A. thaliana,OMalley2016,ERF7,AP2,ERF
477,M07300_2.00,81,499,4732,27655,0.0424239508360836,-0.07602763918913667,-0.10433948729381722,0.12154163597499706,True,A. thaliana,OMalley2016,TCX2,TCR/CxC,.
478,M06968_2.00,25,499,1096,27655,0.041895995376845616,0.33818082308022507,0.4659548336264487,0.12154163597499706,True,A. thaliana,OMalley2016,AT-GTL1,Trihelix,MADF
479,M01084_2.00,7,499,199,27655,0.04140200647416058,0.9630870177799822,1.3319287461832445,0.12154163597499706,True,A. thaliana,Stam_Arabidopsis,SPL10,SBP,.
480,M07333_2.00,76,499,4480,27655,0.04188559748146416,-0.08899878723535386,-0.12263456926613371,0.12154163597499706,True,A. thaliana,OMalley2016,AT3G12130,C3H,.
481,M02366_2.00,3,499,404,27655,0.04253834227080452,-1.2808922657646116,-1.756384373647668,0.12157688565401349,True,O. tauri,Zoo_01,estExt_fgenesh1_pg.C_Chr_13.00010057,Myb/SANT,MYB-related
482,M08081_2.00,64,499,3276,27655,0.04286945234661463,0.1146370746250182,0.1568065591971379,0.12157688565401349,True,A. thaliana,JASPAR,REF6,C2H2 ZF,.
483,M06831_2.00,23,499,1600,27655,0.04287835009277979,-0.3279375174516848,-0.4485404531408471,0.12157688565401349,True,A. thaliana,OMalley2016,DOF1.6,Dof,.
484,M06865_2.00,79,499,4620,27655,0.042794067375046166,-0.07753967186029015,-0.10612206918753563,0.12157688565401349,True,A. thaliana,OMalley2016,DOF5.4,Dof,.
485,M00866_2.00,9,499,787,27655,0.04269695448022923,-0.6579381077991471,-0.9011140730673064,0.12157688565401349,True,A. thaliana,Franco_Zorrilla2014,WOX13,Homeodomain,HD-WOX
486,1.PIF4.MEME,12,499,433,27655,0.043129453711549894,0.6190960022604584,0.8452059852185273,0.12203775608730134,True,.,.,1.PIF4.MEME,.,.
487,M07296_2.00,90,499,4838,27655,0.04449719691010639,0.044014758615776854,0.05949331198197342,0.12217627606034899,True,A. thaliana,OMalley2016,AT2G20110,TCR/CxC,.
488,M06658_2.00,14,499,534,27655,0.04410870679380398,0.5390157066360773,0.7306226787599406,0.12217627606034899,True,A. thaliana,OMalley2016,ERF115,AP2,ERF
489,M07431_2.00,26,499,1156,27655,0.04327094498563256,0.31787075190644026,0.43351328221402163,0.12217627606034899,True,A. thaliana,OMalley2016,WRKY27,WRKY,.
490,M07299_2.00,100,499,5461,27655,0.04437395763731587,0.021263464566487904,0.028766742338741682,0.12217627606034899,True,A. thaliana,OMalley2016,TSO1,TCR/CxC,.
491,M07003_2.00,14,499,535,27655,0.044483985579856174,0.5363165570351219,0.7249907420978748,0.12217627606034899,True,A. thaliana,OMalley2016,MYB61,Myb/SANT,R2R3-MYB
492,M07283_2.00,7,499,203,27655,0.04436409279744383,0.9343757211384549,1.2641808197127442,0.12217627606034899,True,A. thaliana,OMalley2016,TCP13,TCP,.
493,M07328_2.00,42,499,2045,27655,0.044685662651970895,0.1867890112156762,0.25213374675282524,0.12217627606034899,True,A. thaliana,OMalley2016,AT2G28920,Unknown,.
494,M07082_2.00,18,499,735,27655,0.043384146834271095,0.4406812779846129,0.6005026893736838,0.12217627606034899,True,A. thaliana,OMalley2016,AtMYB10,Myb/SANT,R2R3-MYB
495,M07118_2.00,42,499,2045,27655,0.044685662651970895,0.1867890112156762,0.25213374675282524,0.12217627606034899,True,A. thaliana,OMalley2016,RVE4,Myb/SANT,MYB-related
496,2.MYB3-MEME,26,499,1162,27655,0.044499492217815156,0.3104020810025901,0.419553403614703,0.12217627606034899,True,.,.,2.MYB3-MEME,.,.
497,M07129_2.00,42,499,2045,27655,0.044685662651970895,0.1867890112156762,0.25213374675282524,0.12217627606034899,True,A. thaliana,OMalley2016,RVE1,Myb/SANT,MYB-related
498,M07090_2.00,16,499,635,27655,0.04414952587206999,0.4817439346064988,0.6527986592513019,0.12217627606034899,True,A. thaliana,OMalley2016,MYB30,Myb/SANT,R2R3-MYB
499,M06581_2.00,20,499,843,27655,0.04451109535692802,0.39489599021130695,0.5337144561586854,0.12217627606034899,True,A. thaliana,OMalley2016,ERF014,AP2,DREB
500,M01079_2.00,40,499,1929,27655,0.04417150906258708,0.2006473831042859,0.27184866470028235,0.12217627606034899,True,A. thaliana,Stam_Arabidopsis,RVE5,Myb/SANT,MYB-related
501,M07066_2.00,18,499,738,27655,0.044264536555931246,0.4348047116479433,0.5887012646085676,0.12217627606034899,True,A. thaliana,OMalley2016,MYB83,Myb/SANT,R2R3-MYB
502,M06898_2.00,39,499,1871,27655,0.043869667630244705,0.20816509188749113,0.282653984084322,0.12217627606034899,True,A. thaliana,OMalley2016,ATHB-9,Homeodomain,HD-ZIP
503,M06997_2.00,42,499,2045,27655,0.044685662651970895,0.1867890112156762,0.25213374675282524,0.12217627606034899,True,A. thaliana,OMalley2016,LHY,Myb/SANT,MYB-related
504,M06739_2.00,12,499,437,27655,0.04486959570244002,0.6058297474865848,0.8166874847246045,0.12219427446237618,True,A. thaliana,OMalley2016,BIM1,bHLH,.
505,M06671_2.00,13,499,486,27655,0.04478302012265708,0.567983930801338,0.7661459254157994,0.12219427446237618,True,A. thaliana,OMalley2016,ERF9,AP2,ERF
506,M06698_2.00,65,499,3366,27655,0.04512611467872534,0.09790506796453248,0.13173832371791178,0.12253994916988604,True,A. thaliana,OMalley2016,HMGB9,HMGBox,.
507,M06915_2.00,42,499,2049,27655,0.04517437893926133,0.18396987003354084,0.247459308883592,0.12253994916988604,True,A. thaliana,OMalley2016,HAT5,Homeodomain,HD-ZIP
508,M06926_2.00,23,499,1006,27655,0.04556822033561591,0.34150408251751285,0.45807237996177064,0.12258271622392264,True,A. thaliana,OMalley2016,HAT22,Homeodomain,HD-ZIP
509,M07207_2.00,13,499,488,27655,0.04559444401287892,0.5620590968442327,0.7537707526675422,0.12258271622392264,True,A. thaliana,OMalley2016,NAC055,NAC/NAM,.
510,M06944_2.00,22,499,953,27655,0.045634929915001676,0.35545593099338224,0.4765606951735537,0.12258271622392264,True,A. thaliana,OMalley2016,HSFC1,HSF,.
511,M07425_2.00,41,499,1995,27655,0.04544781275056914,0.18773568977440258,0.25203272541052735,0.12258271622392264,True,A. thaliana,OMalley2016,WRKY50,WRKY,.
512,M07008_2.00,43,499,2108,27655,0.045495025582590165,0.17696231933091036,0.2374898184791499,0.12258271622392264,True,A. thaliana,OMalley2016,RVE7,Myb/SANT,MYB-related
513,M02550_2.00,13,499,489,27655,0.04600173911979415,0.5591057794548854,0.7476506448573028,0.12308814855742978,True,A. thaliana,Zoo_01,WRKY17,WRKY,.
514,M07373_2.00,19,499,796,27655,0.04598039402584519,0.4036596091659638,0.5398653858051483,0.12308814855742978,True,A. thaliana,OMalley2016,WRKY65,WRKY,.
515,M07041_2.00,16,499,641,27655,0.04613710011312384,0.4681761696472858,0.6254598161809467,0.12321109293776095,True,A. thaliana,OMalley2016,PHL7,Myb/SANT,G2-like
516,M06929_2.00,30,499,1389,27655,0.04628600292705056,0.25941642789315295,0.34620427725282216,0.12336965577074598,True,A. thaliana,OMalley2016,HAT2,Homeodomain,HD-ZIP
517,M06685_2.00,13,499,490,27655,0.04641005473218121,0.5561584954045485,0.7415750190494806,0.12346149695163264,True,A. thaliana,OMalley2016,ABR1,AP2,ERF
518,M06858_2.00,14,499,1066,27655,0.047217324044334937,-0.4582800844355446,-0.6076329358376201,0.1245429050011553,True,A. thaliana,OMalley2016,DOF4.3,Dof,.
519,M06878_2.00,16,499,646,27655,0.04780819813016596,0.4569663615721019,0.6034229948695918,0.1245429050011553,True,A. thaliana,OMalley2016,EIN3,EIN3,.
520,M07117_2.00,42,499,2071,27655,0.04781073784151752,0.16856230082427529,0.22258222899910732,0.1245429050011553,True,A. thaliana,OMalley2016,RVE4,Myb/SANT,MYB-related
521,M07138_2.00,42,499,2071,27655,0.04781073784151752,0.16856230082427529,0.22258222899910732,0.1245429050011553,True,A. thaliana,OMalley2016,RVE6,Myb/SANT,MYB-related
522,M06699_2.00,64,499,3348,27655,0.04768914046625597,0.08327290371568317,0.11005184615203287,0.1245429050011553,True,A. thaliana,OMalley2016,HMGB9,HMGBox,.
523,M02721_2.00,5,499,122,27655,0.04695256629447705,1.183547473590503,1.5721542386503176,0.1245429050011553,True,A. thaliana,JASPAR,TCP16,TCP,.
524,M07070_2.00,42,499,2071,27655,0.04781073784151752,0.16856230082427529,0.22258222899910732,0.1245429050011553,True,A. thaliana,OMalley2016,RVE8,Myb/SANT,MYB-related
525,M06709_2.00,54,499,2760,27655,0.04766751321099601,0.11679166676396414,0.15437259782950627,0.1245429050011553,True,A. thaliana,OMalley2016,AT4G33280,AP2,B3
526,M06651_2.00,10,499,345,27655,0.047134761816760615,0.6838322594878579,0.9072120048820356,0.1245429050011553,True,A. thaliana,OMalley2016,ERF043,AP2,DREB
527,M07101_2.00,42,499,2071,27655,0.04781073784151752,0.16856230082427529,0.22258222899910732,0.1245429050011553,True,A. thaliana,OMalley2016,RVE5,Myb/SANT,MYB-related
528,M07100_2.00,42,499,2071,27655,0.04781073784151752,0.16856230082427529,0.22258222899910732,0.1245429050011553,True,A. thaliana,OMalley2016,RVE5,Myb/SANT,MYB-related
529,M07318_2.00,52,499,2654,27655,0.04853735341836367,0.11884377903692588,0.1561516825940157,0.12501770656169184,True,A. thaliana,OMalley2016,ZHD5,Homeodomain,HD-ZF
530,M07409_2.00,16,499,648,27655,0.04847987068398175,0.45250671338140214,0.5947922669735759,0.12501770656169184,True,A. thaliana,OMalley2016,WRKY31,WRKY,.
531,M06804_2.00,80,499,4503,27655,0.048488368812767066,-0.022385951188455343,-0.029423253104540494,0.12501770656169184,True,A. thaliana,OMalley2016,TFIIIA,C2H2 ZF,.
532,M06936_2.00,23,499,1018,27655,0.04835771653814406,0.3243968262473445,0.4267551241030733,0.12501770656169184,True,A. thaliana,OMalley2016,HSFB4,HSF,.
533,M06826_2.00,26,499,1181,27655,0.04839182475537362,0.28700318500996186,0.37747462536964477,0.12501770656169184,True,A. thaliana,OMalley2016,AZF1,C2H2 ZF,.
534,M07099_2.00,16,499,647,27655,0.04814382120156245,0.4547348142735193,0.5990946748986391,0.12501770656169184,True,A. thaliana,OMalley2016,AtMYB17,Myb/SANT,R2R3-MYB
535,M01254_2.00,2,499,322,27655,0.048964184233531306,-1.53856016184859,-2.015700711154564,0.12507018505854053,True,C. sativa,TF_Evolution,PK25034.1,Homeodomain,HD-KN
536,M07297_2.00,79,499,4431,27655,0.04897473300563971,-0.017279147042815593,-0.022636165111010322,0.12507018505854053,True,A. thaliana,OMalley2016,TCX3,TCR/CxC,.
537,M06617_2.00,15,499,598,27655,0.04901153841190994,0.4752456376764405,0.6224300030931937,0.12507018505854053,True,A. thaliana,OMalley2016,ERF4,AP2,ERF
538,M06738_2.00,11,499,397,27655,0.04899690648079442,0.6187931377603666,0.8105146443019283,0.12507018505854053,True,A. thaliana,OMalley2016,LRL2,bHLH,.
539,M07301_2.00,80,499,4385,27655,0.04878406150176206,0.015923683821293874,0.02088744711342153,0.12507018505854053,True,A. thaliana,OMalley2016,TCX2,TCR/CxC,.
540,M06645_2.00,21,499,914,27655,0.049213587175757724,0.3486237839867175,0.4559702688017635,0.12535364718705017,True,A. thaliana,OMalley2016,CRF4,AP2,ERF
541,M02557_2.00,12,499,447,27655,0.04931004491115497,0.5731881958038654,0.7491940009719543,0.1253676049586191,True,A. thaliana,Zoo_01,WRKY22,WRKY,.
542,M02051_2.00,1,499,247,27655,0.049982943609624395,-2.1560105153186506,-2.805353818684115,0.12590088251589251,True,A. thaliana,Zoo_01,KNAT3,Homeodomain,HD-KN
543,M07320_2.00,37,499,1806,27655,0.0502439468809631,0.1832279044141187,0.23799770290130198,0.12590088251589251,True,A. thaliana,OMalley2016,GT-2,Trihelix,.
544,M06728_2.00,12,499,448,27655,0.04976030239537763,0.5699642949295791,0.7427301558940306,0.12590088251589251,True,A. thaliana,OMalley2016,BIM2,bHLH,.
545,M07084_2.00,27,499,1242,27655,0.04962342122277901,0.2687947602090141,0.3505925799471869,0.12590088251589251,True,A. thaliana,OMalley2016,MYB15,Myb/SANT,R2R3-MYB
546,1.WRKY33.1MEME,63,499,3331,27655,0.05005627003333235,0.0678970010915923,0.08830286867591425,0.12590088251589251,True,.,.,1.WRKY33.1MEME,.,.
547,M07423_2.00,17,499,705,27655,0.050094686903791305,0.4183401102302105,0.5439292975287946,0.12590088251589251,True,A. thaliana,OMalley2016,WRKY30,WRKY,.
548,M07345_2.00,25,499,1135,27655,0.05020143476147437,0.28773632386247444,0.3738511645522408,0.12590088251589251,True,A. thaliana,OMalley2016,AT4G26030,Unknown,.
549,M07382_2.00,38,499,1863,27655,0.05025071508254056,0.17687227076797504,0.22973192030585282,0.12590088251589251,True,A. thaliana,OMalley2016,WRKY59,WRKY,.
550,M07244_2.00,23,499,1027,27655,0.050449591832368836,0.31169820600484494,0.4043169412825521,0.12616975960980809,True,A. thaliana,OMalley2016,anac103,NAC/NAM,.
551,M07400_2.00,30,499,1415,27655,0.050824059207733405,0.23266097415530088,0.3010471659230094,0.12687600287727652,True,A. thaliana,OMalley2016,WRKY22,WRKY,.
552,M06942_2.00,20,499,869,27655,0.05148014068629764,0.3510724443389892,0.4523077909034921,0.12742846690870296,True,A. thaliana,OMalley2016,HSFA6B,HSF,.
553,M06959_2.00,8,499,258,27655,0.05151766534525773,0.7811294608427727,1.0061289796321509,0.12742846690870296,True,A. thaliana,OMalley2016,LBD16,LOB,.
554,M06794_2.00,10,499,353,27655,0.05145445713755182,0.6507604378822089,0.8385549323726114,0.12742846690870296,True,A. thaliana,OMalley2016,TGA1,bZIP,.
555,M06970_2.00,43,499,2616,27655,0.05160020648407566,-0.13452535452995737,-0.1731810215036431,0.12742846690870296,True,A. thaliana,OMalley2016,AT1G76880,Trihelix,MADF
556,M06673_2.00,15,499,604,27655,0.05117594365210339,0.4608425725494666,0.5949174102886473,0.12742846690870296,True,A. thaliana,OMalley2016,ERF2,AP2,ERF
557,M07199_2.00,12,499,452,27655,0.05157099861765711,0.5571402545719955,0.7173707045948219,0.12742846690870296,True,A. thaliana,OMalley2016,NAC047,NAC/NAM,.
558,M06560_2.00,11,499,403,27655,0.05195918316915627,0.597152306375357,0.766945210718417,0.12762879573457636,True,A. thaliana,OMalley2016,ERF023,AP2,DREB
559,M06844_2.00,70,499,3872,27655,0.051825963288592194,0.0027764959363991153,0.0035690539673466086,0.12762879573457636,True,A. thaliana,OMalley2016,DOF2.5,Dof,.
560,M02342_2.00,4,499,87,27655,0.051946642327516626,1.3494132204172984,1.7332437155593885,0.12762879573457636,True,P. patens,Zoo_01,fgenesh1_pg.scaffold_70000111,Myb/SANT,MYB-related
561,M06693_2.00,38,499,1879,27655,0.05227885320010104,0.1645348782895572,0.21088006700190592,0.12818551549775664,True,A. thaliana,OMalley2016,RAV1,AP2,B3
562,M07208_2.00,9,499,756,27655,0.0524987243043002,-0.5999607065127334,-0.7678604599586084,0.12849598950501895,True,A. thaliana,OMalley2016,anac057,NAC/NAM,.
563,M01674_2.00,18,499,766,27655,0.0526169710116398,0.3810811357833823,0.4873548160660539,0.1285570674717015,True,Brachypodium distachyon,Zoo_01,BRADI5G22430,AT hook,.
564,M07046_2.00,19,499,820,27655,0.05277437903289263,0.3608041302041667,0.46095501066186223,0.1287134412519045,True,A. thaliana,OMalley2016,AT2G20400,Myb/SANT,G2-like
565,M07179_2.00,18,499,1265,27655,0.053522223308450044,-0.342639951873333,-0.4356549991296835,0.1287148756004261,True,A. thaliana,OMalley2016,anac028,NAC/NAM,.
566,M07365_2.00,51,499,3003,27655,0.05324793206282988,-0.08740670131962698,-0.11132967543681074,0.1287148756004261,True,A. thaliana,OMalley2016,AT5G63260,C3H,.
567,M07164_2.00,12,499,928,27655,0.053281585963230245,-0.48066177814038874,-0.6120856945635281,0.1287148756004261,True,A. thaliana,OMalley2016,NAC007,NAC/NAM,.
568,M07103_2.00,19,499,822,27655,0.05334217748746462,0.3572896460279297,0.45480444468713266,0.1287148756004261,True,A. thaliana,OMalley2016,MYB55,Myb/SANT,R2R3-MYB
569,M06913_2.00,30,499,1429,27655,0.05320912936226316,0.21845711077872898,0.27831738414878493,0.1287148756004261,True,A. thaliana,OMalley2016,ATHB-20,Homeodomain,HD-ZIP
570,M01634_2.00,9,499,308,27655,0.05333951425144052,0.695495177013438,0.885331241869899,0.1287148756004261,True,Oryza sativa,Zoo_01,LOC_Os08g36920,AP2,ERF
571,M02005_2.00,7,499,214,27655,0.05289361524049238,0.8582446519224842,1.0956323318485746,0.1287148756004261,True,A. thaliana,Zoo_01,GATA27,GATA,.
572,M02511_2.00,4,499,88,27655,0.053443142929848864,1.3329250976287297,1.695624692652906,0.1287148756004261,True,G. max,Zoo_01,GLYMA19G26560,TCP,.
573,M06857_2.00,17,499,1209,27655,0.05362186265017356,-0.359778971732757,-0.45715606611867904,0.12872983751208913,True,A. thaliana,OMalley2016,DOF4.3,Dof,.
574,M07058_2.00,53,499,2786,27655,0.053790897299571205,0.07629762822797305,0.096843908936135,0.12891105474575498,True,A. thaliana,OMalley2016,AT2G40260,Myb/SANT,G2-like
575,M06750_2.00,9,499,309,27655,0.053955297264867086,0.6908186898039648,0.8759345489307471,0.12908055491490772,True,A. thaliana,OMalley2016,TGA3,bZIP,.
576,M06704_2.00,55,499,3178,27655,0.05432857388039496,-0.060186979557832386,-0.076134825548392,0.1297483098911339,True,A. thaliana,OMalley2016,VRN1,B3,REM
577,M01948_2.00,7,499,216,27655,0.054496799038682,0.8448241361601626,1.0675442834144584,0.1299248945939512,True,A. thaliana,Zoo_01,DOF5.4,Dof,.
578,M07087_2.00,14,499,562,27655,0.05488661949722358,0.4652853181027052,0.5865077383786536,0.13062825849252865,True,A. thaliana,OMalley2016,MYB118,Myb/SANT,R2R3-MYB
579,M06945_2.00,21,499,938,27655,0.05533308066903958,0.3112300265294107,0.3912208584105483,0.13101200199645455,True,A. thaliana,OMalley2016,HSFB2B,HSF,.
580,M00717_2.00,3,499,53,27655,0.055299512210261664,1.6493987624239839,2.0737539310318045,0.13101200199645455,True,A. thaliana,Chang2013,RAP2-6,AP2,ERF
581,M07337_2.00,60,499,3295,27655,0.055178510800726784,0.013184561979131574,0.016589211745528337,0.13101200199645455,True,A. thaliana,OMalley2016,ZHD9,Homeodomain,HD-ZF
582,M06637_2.00,16,499,672,27655,0.05662538464043817,0.40003929348726663,0.49884453251104854,0.13112901588563386,True,A. thaliana,OMalley2016,ERF6,AP2,ERF
583,M09748_2.00,7,499,628,27655,0.055826255572052834,-0.694909110567996,-0.8708333437494202,0.13112901588563386,True,A. thaliana,Transfac,RAV1,AP2,B3
584,M06642_2.00,7,499,218,27655,0.056113772590031225,0.8315273135467047,1.0401829048938431,0.13112901588563386,True,A. thaliana,OMalley2016,DREB1A,AP2,DREB
585,M07269_2.00,20,499,1363,27655,0.05602123384146441,-0.29828503565182013,-0.37334766853438905,0.13112901588563386,True,A. thaliana,OMalley2016,HMGB13,HMGBox,.
586,M07202_2.00,22,499,1469,27655,0.05648718360520735,-0.2688303456529554,-0.3355137339186828,0.13112901588563386,True,A. thaliana,OMalley2016,NAC053,NAC/NAM,.
587,M06985_2.00,31,499,1505,27655,0.056285866467101334,0.19100525500583773,0.23868028965793298,0.13112901588563386,True,A. thaliana,OMalley2016,SVP,MADS box,.
588,M06845_2.00,54,499,2893,27655,0.05595131399546895,0.04889361049989584,0.06122407594167,0.13112901588563386,True,A. thaliana,OMalley2016,GATA24,Dof,.
589,M06667_2.00,21,499,939,27655,0.05558624667711782,0.3096927913910127,0.3886745645491718,0.13112901588563386,True,A. thaliana,OMalley2016,ERF003,AP2,DREB
590,M06883_2.00,55,499,2986,27655,0.056714726754599265,0.0297179796561452,0.037037641552201614,0.13112901588563386,True,A. thaliana,OMalley2016,GATA28,GATA,.
591,M07411_2.00,28,499,1334,27655,0.05637463199447095,0.21816868713904616,0.27247442517969606,0.13112901588563386,True,A. thaliana,OMalley2016,WRKY29,WRKY,.
592,M07358_2.00,56,499,3037,27655,0.056174598884931044,0.03128044515617129,0.039114946074974934,0.13112901588563386,True,A. thaliana,OMalley2016,EMB1789,Unknown,.
593,M02649_2.00,7,499,628,27655,0.055826255572052834,-0.694909110567996,-0.8708333437494202,0.13112901588563386,True,A. thaliana,JASPAR,RAV1,AP2,B3
594,M01212_2.00,21,499,1414,27655,0.056673097217167574,-0.2808922657646116,-0.3501667737060027,0.13112901588563386,True,A. thaliana,TF_Evolution,DOF2.5,Dof,.
595,M06895_2.00,9,499,745,27655,0.056280450346959256,-0.5788148976411844,-0.7233116587219205,0.13112901588563386,True,A. thaliana,OMalley2016,GATA12,GATA,.
596,M02300_2.00,7,499,219,27655,0.056927129619222125,0.8249245787224577,1.026767713344075,0.13136808570914615,True,A. thaliana,Zoo_01,APRR2,Myb/SANT,ARR-B
597,M01087_2.00,56,499,3107,27655,0.05700879191151626,-0.0015948877982096877,-0.0019841331830735246,0.13136808570914615,True,A. thaliana,Stam_Arabidopsis,TCX3,TCR/CxC,.
598,M07184_2.00,25,499,1172,27655,0.05790091808128411,0.24145605161850373,0.2987570858560736,0.13209845217882366,True,A. thaliana,OMalley2016,SMB,NAC/NAM,.
599,M01616_2.00,8,499,267,27655,0.05781133914572587,0.7316607845784731,0.9057865181207482,0.13209845217882366,True,A. thaliana,Zoo_01,ERF4,AP2,ERF
600,M01622_2.00,8,499,267,27655,0.05781133914572587,0.7316607845784731,0.9057865181207482,0.13209845217882366,True,A. thaliana,Zoo_01,CRF2,AP2,ERF
601,M01618_2.00,8,499,267,27655,0.05781133914572587,0.7316607845784731,0.9057865181207482,0.13209845217882366,True,A. thaliana,Zoo_01,ERF098,AP2,ERF
602,M02138_2.00,7,499,220,27655,0.05774357116002007,0.8183519247989715,1.0135258805664868,0.13209845217882366,True,Zea mays,Zoo_01,GRMZM2G087741,Homeodomain,HD-KN
603,M07071_2.00,48,499,2784,27655,0.05761529581973742,-0.06562427886154526,-0.08133881330928536,0.13209845217882366,True,A. thaliana,OMalley2016,RVE7L,Myb/SANT,MYB-related
604,M06897_2.00,41,499,2132,27655,0.05988408536825475,0.09191699812493487,0.11238586384151582,0.1321970370568363,True,A. thaliana,OMalley2016,GATA16,GATA,.
605,M01848_2.00,11,499,417,27655,0.05901175027188986,0.5478847614586608,0.6733840690017009,0.1321970370568363,True,O. tauri,Zoo_01,fgenesh1_pg.C_Chr_07.0001000033,bZIP,.
606,M01088_2.00,6,499,178,27655,0.060974088892460004,0.9015857860207854,1.095295711953656,0.1321970370568363,True,A. thaliana,Stam_Arabidopsis,AT2G42040,WRC,.
607,M07168_2.00,8,499,676,27655,0.06021734080188941,-0.6085227200161576,-0.7425671474817249,0.1321970370568363,True,A. thaliana,OMalley2016,NAC010,NAC/NAM,.
608,M06575_2.00,15,499,628,27655,0.059920806105276544,0.4046265629829183,0.49462455511612574,0.1321970370568363,True,A. thaliana,OMalley2016,ERF11,AP2,ERF
609,M06881_2.00,10,499,367,27655,0.05923430454316978,0.5946485583101767,0.7298875212334082,0.1321970370568363,True,A. thaliana,OMalley2016,FAR1,FAR1,.
610,M07112_2.00,25,499,1184,27655,0.06029596422272193,0.22675954041180194,0.2765812770960951,0.1321970370568363,True,A. thaliana,OMalley2016,HHO5,Myb/SANT,G2-like
611,M06955_2.00,19,499,845,27655,0.059827974983073635,0.3174766985400661,0.3883043837601324,0.1321970370568363,True,A. thaliana,OMalley2016,LBD6,LOB,.
612,M07317_2.00,14,499,573,27655,0.05920862324830882,0.43732030956672624,0.5368609881217166,0.1321970370568363,True,A. thaliana,OMalley2016,ZHD5,Homeodomain,HD-ZF
613,M01953_2.00,17,499,1179,27655,0.060545928418528384,-0.32352844546339615,-0.3940301650635449,0.1321970370568363,True,P. patens,Zoo_01,e_gw1.392.16.1,Dof,.
614,M07319_2.00,26,499,1666,27655,0.05919343994391744,-0.20937625095842857,-0.257056755206208,0.1321970370568363,True,A. thaliana,OMalley2016,AT1G76870,Trihelix,.
615,M07057_2.00,47,499,2677,27655,0.06035954549586152,-0.03945585569711342,-0.04810671142478436,0.1321970370568363,True,A. thaliana,OMalley2016,AT2G40260,Myb/SANT,G2-like
616,M07399_2.00,19,499,845,27655,0.059827974983073635,0.3174766985400661,0.3883043837601324,0.1321970370568363,True,A. thaliana,OMalley2016,WRKY70,WRKY,.
617,M06899_2.00,33,499,1640,27655,0.05896525921147587,0.15727073611903444,0.1933492387200055,0.1321970370568363,True,A. thaliana,OMalley2016,ATHB-15,Homeodomain,HD-ZIP
618,M06987_2.00,32,499,1579,27655,0.058650385003089285,0.16756126040579003,0.20639008594829525,0.1321970370568363,True,A. thaliana,OMalley2016,AGL16,MADS box,.
619,M06662_2.00,17,499,732,27655,0.058706199308105,0.36411971923232406,0.4483464490690714,0.1321970370568363,True,A. thaliana,OMalley2016,DREB2G,AP2,DREB
620,M01125_2.00,8,499,271,27655,0.060664499879596816,0.7102076749121554,0.8643691726029699,0.1321970370568363,True,C. sativa,TF_Evolution,PK15505.1,bHLH,.
621,M07128_2.00,46,499,2433,27655,0.0588645560575346,0.0673980673846107,0.08290947155902567,0.1321970370568363,True,A. thaliana,OMalley2016,RVE1,Myb/SANT,MYB-related
622,M06960_2.00,8,499,271,27655,0.060664499879596816,0.7102076749121554,0.8643691726029699,0.1321970370568363,True,A. thaliana,OMalley2016,LBD19,LOB,.
623,M07417_2.00,28,499,1352,27655,0.05950176664031503,0.19883220204144664,0.24366292640006218,0.1321970370568363,True,A. thaliana,OMalley2016,WRKY18,WRKY,.
624,M06592_2.00,8,499,679,27655,0.05905481766393885,-0.614911047978705,-0.755568670924992,0.1321970370568363,True,A. thaliana,OMalley2016,ERF118,AP2,ERF
625,M07159_2.00,11,499,416,27655,0.05850319879801884,0.5513486167622322,0.6797138152050715,0.1321970370568363,True,A. thaliana,OMalley2016,NAC002,NAC/NAM,.
626,M02697_2.00,46,499,2447,27655,0.05961100459312526,0.0591202862436503,0.0724030513732066,0.1321970370568363,True,Antirrhinum majus,JASPAR,squamosa,MADS box,.
627,M00899_2.00,10,499,370,27655,0.06092688890842003,0.5829033506370772,0.708338904141227,0.1321970370568363,True,A. thaliana,Franco_Zorrilla2014,WRKY45,WRKY,.
628,M07009_2.00,40,499,2083,27655,0.06093835743119456,0.08983768711274237,0.10916260516520425,0.1321970370568363,True,A. thaliana,OMalley2016,RVE7,Myb/SANT,MYB-related
629,M10440_2.00,10,499,792,27655,0.05999136240560366,-0.5150718089262203,-0.6293720508183039,0.1321970370568363,True,Zea mays,Transfac,MNB1A,Dof,.
630,M07011_2.00,48,499,2607,27655,0.06036176828585177,0.029144349451626795,0.03553389968144215,0.1321970370568363,True,A. thaliana,OMalley2016,AT1G18960,Myb/SANT,MYB-related
631,M07204_2.00,7,499,223,27655,0.06021017072453798,0.7988117384033263,0.9748140416451266,0.1321970370568363,True,A. thaliana,OMalley2016,AT3G12910,NAC/NAM,.
632,M09452_2.00,9,499,318,27655,0.05956998875767468,0.649398762423984,0.7954956137254124,0.1321970370568363,True,A. thaliana,HOMER,PIF5,bHLH,.
633,M07252_2.00,19,499,844,27655,0.059548839366621364,0.3191850410024275,0.39104211555499263,0.1321970370568363,True,A. thaliana,OMalley2016,S1FA3,S1FA,.
634,M07140_2.00,19,499,846,27655,0.0601067438939921,0.3157703765896629,0.38557988035566393,0.1321970370568363,True,A. thaliana,OMalley2016,MYB49,Myb/SANT,R2R3-MYB
635,M07091_2.00,15,499,631,27655,0.06101401710315522,0.3977511168919965,0.4830967254048195,0.1321970370568363,True,A. thaliana,OMalley2016,ATMYB121,Myb/SANT,R2R3-MYB
636,M09540_2.00,9,499,321,27655,0.061465355130521176,0.6358522305860362,0.7702520652742102,0.13296587028235193,True,A. thaliana,HOMER,FHY3,FAR1,.
637,M01703_2.00,6,499,179,27655,0.061956840378839584,0.8935034397229267,1.0792723993894515,0.13320063442063787,True,A. thaliana,Zoo_01,PIF1,bHLH,.
638,M07017_2.00,20,499,908,27655,0.06183812603922153,0.28773632386247444,0.3477994629401434,0.13320063442063787,True,A. thaliana,OMalley2016,HHO3,Myb/SANT,G2-like
639,M02329_2.00,14,499,580,27655,0.06196052733209642,0.41980254830869657,0.507073156864753,0.13320063442063787,True,Oryza sativa,Zoo_01,PHR1,Myb/SANT,G2-like
640,M07062_2.00,8,499,672,27655,0.061787134214235366,-0.5999607065127334,-0.725413658721161,0.13320063442063787,True,A. thaliana,OMalley2016,MYB107,Myb/SANT,R2R3-MYB
641,M07428_2.00,36,499,1848,27655,0.062132819586533224,0.110532676292282,0.1333774524052899,0.13336296789757443,True,A. thaliana,OMalley2016,WRKY8,WRKY,.
642,M07268_2.00,26,499,1254,27655,0.06262194593213004,0.20047480160508002,0.24122600438506692,0.13399322007882167,True,A. thaliana,OMalley2016,HMGB13,HMGBox,.
643,M06886_2.00,44,499,2489,27655,0.0627715344599325,-0.02956218007771132,-0.035540754223219825,0.13399322007882167,True,A. thaliana,OMalley2016,GATA15,GATA,.
644,M06646_2.00,17,499,745,27655,0.06281539925320667,0.33872294216684246,0.407122578604962,0.13399322007882167,True,A. thaliana,OMalley2016,CRF4,AP2,ERF
645,M06618_2.00,9,499,323,27655,0.06273394425681261,0.6268913630144144,0.7538352380613597,0.13399322007882167,True,A. thaliana,OMalley2016,AT3G16280,AP2,DREB
646,M02371_2.00,16,499,691,27655,0.06307014860979417,0.35981481587776826,0.4318411588837375,0.1343286936387888,True,A. thaliana,Zoo_01,NTL9,NAC/NAM,.
647,M06821_2.00,13,499,950,27655,0.06321324270360988,-0.3989872688111909,-0.47846231322096955,0.13442569204563953,True,A. thaliana,OMalley2016,AT5G22990,C2H2 ZF,.
648,M07051_2.00,23,499,1484,27655,0.0633593310508866,-0.21935670429776355,-0.2628308815683457,0.13451703625848935,True,A. thaliana,OMalley2016,MYB101,Myb/SANT,R2R3-MYB
649,M07341_2.00,41,499,2188,27655,0.06345143219740064,0.05451169809155407,0.06528095125608487,0.13451703625848935,True,A. thaliana,OMalley2016,AT4G12670,Unknown,.
650,M07061_2.00,18,499,803,27655,0.06363572613708637,0.31302554019102496,0.37447213940934077,0.13470050786006915,True,A. thaliana,OMalley2016,MYB107,Myb/SANT,R2R3-MYB
651,M01282_2.00,11,499,837,27655,0.0638365398408787,-0.45729547764701944,-0.5464363874995708,0.13471171807156332,True,C. sativa,TF_Evolution,PK21687.1,Myb/SANT,MYB-related
652,M07374_2.00,27,499,1687,27655,0.06376680037886648,-0.17300003985807016,-0.20680517735236828,0.13471171807156332,True,A. thaliana,OMalley2016,WRKY71,WRKY,.
653,M07378_2.00,17,499,749,27655,0.06406646450293066,0.33099764905761525,0.39500241349837356,0.13499019584868263,True,A. thaliana,OMalley2016,WRKY6,WRKY,.
654,M01086_2.00,4,499,95,27655,0.06426947011149856,1.222501107935079,1.4572155513618334,0.13521119055518324,True,A. thaliana,Stam_Arabidopsis,TCP9,TCP,.
655,M06820_2.00,4,499,427,27655,0.0647555984492252,-0.9457355433544635,-1.1242172884074333,0.13547946936756003,True,A. thaliana,OMalley2016,STOP2,C2H2 ZF,.
656,M07386_2.00,19,499,1267,27655,0.06479025421859366,-0.2669165794311968,-0.31722776983459033,0.13547946936756003,True,A. thaliana,OMalley2016,WRKY17,WRKY,.
657,M07092_2.00,42,499,2349,27655,0.06465224403647181,-0.013156858967409563,-0.0156489837816015,0.13547946936756003,True,A. thaliana,OMalley2016,TRP2,Myb/SANT,MYB-related
658,M01214_2.00,20,499,1320,27655,0.06471339516068846,-0.2520374030924264,-0.2996739377496916,0.13547946936756003,True,C. sativa,TF_Evolution,PK03929.1,Dof,.
659,M07233_2.00,24,499,1150,27655,0.06493292116634006,0.20990107115544582,0.2492648808952008,0.13557206873820696,True,A. thaliana,OMalley2016,ANAC087,NAC/NAM,.
660,M02379_2.00,5,499,139,27655,0.06693948831228239,0.9953437384298818,1.1688496817606953,0.13557416183028265,True,P. patens,Zoo_01,e_gw1.159.34.1,NAC/NAM,.
661,M06787_2.00,9,499,328,27655,0.06591888587633116,0.6047297130902556,0.7141798294004117,0.13557416183028265,True,A. thaliana,OMalley2016,TGA5,bZIP,.
662,M06664_2.00,17,499,755,27655,0.06592743133280782,0.3194867233039253,0.37729268455394804,0.13557416183028265,True,A. thaliana,OMalley2016,ERF086,AP2,ERF
663,M06601_2.00,14,499,593,27655,0.06703961598757023,0.3878233437776275,0.4551760352032074,0.13557416183028265,True,A. thaliana,OMalley2016,ERF013,AP2,DREB
664,M07048_2.00,11,499,829,27655,0.06648211400963915,-0.443439956592426,-0.5220597231760491,0.13557416183028265,True,A. thaliana,OMalley2016,AtMYB70,Myb/SANT,R2R3-MYB
665,M07102_2.00,15,499,647,27655,0.0667964670677091,0.36162540988203795,0.424998999874562,0.13557416183028265,True,A. thaliana,OMalley2016,MYB55,Myb/SANT,R2R3-MYB
666,M06653_2.00,11,499,432,27655,0.06667813870307387,0.4969008327398559,0.5843635939938058,0.13557416183028265,True,A. thaliana,OMalley2016,ERF109,AP2,ERF
667,M07424_2.00,39,499,2164,27655,0.06699630845278458,-0.0017258486985400065,-0.0020260585722844436,0.13557416183028265,True,A. thaliana,OMalley2016,WRKY50,WRKY,.
668,M07429_2.00,30,499,1515,27655,0.06605979981654067,0.1341452335142322,0.15829979271768843,0.13557416183028265,True,A. thaliana,OMalley2016,WRKY8,WRKY,.
669,M06784_2.00,9,499,330,27655,0.0671967725182025,0.5959595034625236,0.6988528567743774,0.13557416183028265,True,A. thaliana,OMalley2016,TGA10,bZIP,.
670,M07397_2.00,32,499,1923,27655,0.06518864599371217,-0.11678633107387025,-0.13848850600796442,0.13557416183028265,True,A. thaliana,OMalley2016,WRKY45,WRKY,.
671,M06971_2.00,8,499,280,27655,0.06717140688470075,0.6630736993210603,0.7776631489669686,0.13557416183028265,True,A. thaliana,OMalley2016,AT3G10030,Trihelix,MADF
672,M07325_2.00,20,499,1309,27655,0.06690361565738857,-0.2399645707918514,-0.28185048527702755,0.13557416183028265,True,A. thaliana,OMalley2016,SDG37,Unknown,.
673,M07247_2.00,19,499,871,27655,0.06691796753789832,0.27375532111074774,0.3215139238202029,0.13557416183028265,True,A. thaliana,OMalley2016,AT2G01818,PLATZ,.
674,M10438_2.00,4,499,423,27655,0.06710246685867308,-0.932157136853923,-1.0936640934467012,0.13557416183028265,True,Zea mays,Transfac,PBF,Dof,.
675,M10036_2.00,10,499,381,27655,0.06717116153005227,0.5406376236600674,0.6340690725171836,0.13557416183028265,True,Zea mays,Transfac,O2,bZIP,.
676,M07115_2.00,25,499,1214,27655,0.0659441292114978,0.19066019978506957,0.22513611347863033,0.13557416183028265,True,A. thaliana,OMalley2016,MYB4,Myb/SANT,R2R3-MYB
677,M06802_2.00,9,499,328,27655,0.06591888587633116,0.6047297130902556,0.7141798294004117,0.13557416183028265,True,A. thaliana,OMalley2016,STOP1,C2H2 ZF,.
678,M00724_2.00,3,499,361,27655,0.06676134199411549,-1.1185358098999878,-1.3148108162593606,0.13557416183028265,True,A. thaliana,Chang2013,EIL1,EIN3,.
679,M06901_2.00,32,499,1645,27655,0.0667196278133845,0.10848484764342316,0.12755066744596835,0.13557416183028265,True,A. thaliana,OMalley2016,ATHB-13,Homeodomain,HD-ZIP
680,M06741_2.00,11,499,432,27655,0.06667813870307387,0.4969008327398559,0.5843635939938058,0.13557416183028265,True,A. thaliana,OMalley2016,BIM3,bHLH,.
681,M07380_2.00,34,499,1774,27655,0.06681935859218138,0.08702926321530252,0.10226788682184089,0.13557416183028265,True,A. thaliana,OMalley2016,WRKY40,WRKY,.
682,M07225_2.00,19,499,1261,27655,0.06605232665082764,-0.2600683306186071,-0.30690972658402776,0.13557416183028265,True,A. thaliana,OMalley2016,ANAC076,NAC/NAM,.
683,M07018_2.00,32,499,1651,27655,0.06731593050117737,0.10323231135276886,0.12097610262886341,0.13561601203307372,True,A. thaliana,OMalley2016,KAN2,Myb/SANT,G2-like
684,M07414_2.00,15,499,649,27655,0.06751077953079307,0.35717264387540704,0.4181158967525377,0.13581000612179978,True,A. thaliana,OMalley2016,WRKY20,WRKY,.
685,M02372_2.00,8,499,281,27655,0.06789970325749892,0.6579303960451008,0.7685496307889873,0.13639328147060278,True,A. thaliana,Zoo_01,NAC078,NAC/NAM,.
686,M07250_2.00,9,499,713,27655,0.0680828943127206,-0.5154765487355485,-0.601541539099447,0.13656187899769484,True,A. thaliana,OMalley2016,RKD2,RWP-RK,.
687,M07398_2.00,35,499,1861,27655,0.06818183799014083,0.05977739315184218,0.0697202444020447,0.13656187899769484,True,A. thaliana,OMalley2016,WRKY45,WRKY,.
688,M07261_2.00,7,499,233,27655,0.06858115762360732,0.7355254936693508,0.8560010305037474,0.13657527100494385,True,A. thaliana,OMalley2016,SPL5,SBP,.
689,M06639_2.00,7,499,233,27655,0.06858115762360732,0.7355254936693508,0.8560010305037474,0.13657527100494385,True,A. thaliana,OMalley2016,DREB1C,AP2,DREB
690,M06894_2.00,12,499,489,27655,0.06868408041104941,0.4436285620349495,0.5160038611229851,0.13657527100494385,True,A. thaliana,OMalley2016,GATA19,GATA,.
691,M07166_2.00,13,499,932,27655,0.06849170275714622,-0.37138971024716133,-0.43243207945374307,0.13657527100494385,True,A. thaliana,OMalley2016,AT1G19040,NAC/NAM,.
692,M06565_2.00,8,499,282,27655,0.06862871873810862,0.6528053638672334,0.7595351952366489,0.13657527100494385,True,A. thaliana,OMalley2016,DREB1F,AP2,DREB
693,M07240_2.00,13,499,931,27655,0.06878730547116185,-0.36984092315167477,-0.4299370043545263,0.13658343939374787,True,A. thaliana,OMalley2016,NAC098,NAC/NAM,.
694,M06615_2.00,8,499,290,27655,0.07447544386132299,0.6124476262510924,0.6908328992137844,0.13674506669991443,True,A. thaliana,OMalley2016,ERF034,AP2,DREB
695,M01631_2.00,7,499,238,27655,0.07282375617312302,0.7048938750156875,0.8019767404285204,0.13674506669991443,True,A. thaliana,Zoo_01,ERF2,AP2,ERF
696,M07135_2.00,25,499,1260,27655,0.07332499216104744,0.1370048876534728,0.15546601879926206,0.13674506669991443,True,A. thaliana,OMalley2016,PHL11,Myb/SANT,G2-like
697,M06974_2.00,18,499,835,27655,0.07261848201408616,0.25664933034692505,0.2923114820493324,0.13674506669991443,True,A. thaliana,OMalley2016,GT-4,Trihelix,MADF
698,M07372_2.00,17,499,783,27655,0.07426412609159633,0.2669510602253257,0.30144672320384247,0.13674506669991443,True,A. thaliana,OMalley2016,WRKY65,WRKY,.
699,M01620_2.00,6,499,191,27655,0.07398195644827472,0.7998903889514346,0.9045753940768433,0.13674506669991443,True,A. thaliana,Zoo_01,ERF039,AP2,DREB
700,M07406_2.00,32,499,1731,27655,0.07264973262379003,0.03496670689938827,0.039818896239770224,0.13674506669991443,True,A. thaliana,OMalley2016,WRKY28,WRKY,.
701,M07226_2.00,22,499,1398,27655,0.06937486781734263,-0.1973603104721121,-0.22870069976901342,0.13674506669991443,True,A. thaliana,OMalley2016,NAC078,NAC/NAM,.
702,M07194_2.00,22,499,1386,27655,0.07140524493887893,-0.1849232072338894,-0.21197190381571038,0.13674506669991443,True,A. thaliana,OMalley2016,NAC045,NAC/NAM,.
703,M07384_2.00,16,499,1070,27655,0.07395931431509739,-0.27103836502248224,-0.3065463216868152,0.13674506669991443,True,A. thaliana,OMalley2016,WRKY15,WRKY,.
704,M06875_2.00,29,499,1484,27655,0.0697684884812718,0.11506233477279595,0.13305125910229765,0.13674506669991443,True,A. thaliana,OMalley2016,E2FD,E2F,.
705,M06911_2.00,24,499,1186,27655,0.07145566097764038,0.16543092244117963,0.1895777755829929,0.13674506669991443,True,A. thaliana,OMalley2016,ATHB-7,Homeodomain,HD-ZIP
706,M07385_2.00,26,499,1584,27655,0.07095550102374096,-0.1365601856724905,-0.15690955548539937,0.13674506669991443,True,A. thaliana,OMalley2016,WRKY17,WRKY,.
707,M06962_2.00,10,499,391,27655,0.07285335422926287,0.503260013846037,0.5724836542880871,0.13674506669991443,True,A. thaliana,OMalley2016,LBD18,LOB,.
708,M06988_2.00,31,499,1726,27655,0.07443282738453597,-0.006663722526052705,-0.007518248207465181,0.13674506669991443,True,A. thaliana,OMalley2016,AGL16,MADS box,.
709,M06625_2.00,17,499,767,27655,0.06957985492370736,0.296736790013433,0.34347772499098145,0.13674506669991443,True,A. thaliana,OMalley2016,ERF095,AP2,ERF
710,M01093_2.00,8,499,291,27655,0.0752066967766237,0.607481373357743,0.6826532361501657,0.13674506669991443,True,A. thaliana,TF_Evolution,ERF119,AP2,ERF
711,M07421_2.00,27,499,1597,27655,0.07452262093321929,-0.09390437898173706,-0.10589708371756484,0.13674506669991443,True,A. thaliana,OMalley2016,WRKY75,WRKY,.
712,M01253_2.00,7,499,584,27655,0.07510679100255299,-0.5901129205563861,-0.6634762269180764,0.13674506669991443,True,C. sativa,TF_Evolution,PK25011.1,Homeodomain,HD-other
713,M02311_2.00,11,499,448,27655,0.07481685560883285,0.4444334128457202,0.5004322665094263,0.13674506669991443,True,A. thaliana,Zoo_01,MYB24,Myb/SANT,R2R3-MYB
714,M07381_2.00,23,499,1420,27655,0.07372944825165106,-0.15575654206900463,-0.17637232472719533,0.13674506669991443,True,A. thaliana,OMalley2016,WRKY3,WRKY,.
715,M01952_2.00,11,499,448,27655,0.07481685560883285,0.4444334128457202,0.5004322665094263,0.13674506669991443,True,P. patens,Zoo_01,e_gw1.170.52.1,Dof,.
716,M07006_2.00,22,499,1066,27655,0.07157443844108745,0.19379661214414867,0.22194402950714176,0.13674506669991443,True,A. thaliana,OMalley2016,MYB58,Myb/SANT,R2R3-MYB
717,M02695_2.00,14,499,972,27655,0.07234086912355885,-0.32510086528214993,-0.37081533886994006,0.13674506669991443,True,A. thaliana,JASPAR,AG,MADS box,.
718,M07236_2.00,6,499,192,27655,0.0749975981585448,0.792356716266027,0.8913637836816467,0.13674506669991443,True,A. thaliana,OMalley2016,ANAC094,NAC/NAM,.
719,M07407_2.00,30,499,1756,27655,0.07192014540760747,-0.07882981766081272,-0.09011426216814206,0.13674506669991443,True,A. thaliana,OMalley2016,WRKY28,WRKY,.
720,M07153_2.00,20,499,945,27655,0.07099183966568547,0.23011429204495434,0.26435335871715393,0.13674506669991443,True,A. thaliana,OMalley2016,MYB96,Myb/SANT,R2R3-MYB
721,M07383_2.00,21,499,1314,27655,0.07521971012956107,-0.17507542127754228,-0.19672670879471316,0.13674506669991443,True,A. thaliana,OMalley2016,WRKY15,WRKY,.
722,M07303_2.00,19,499,900,27655,0.07425333181428816,0.22650303849257564,0.255786269639772,0.13674506669991443,True,A. thaliana,OMalley2016,AT1G10720,Unknown,.
723,M06893_2.00,12,499,499,27655,0.07327822346222575,0.4144232116499225,0.47038073403867325,0.13674506669991443,True,A. thaliana,OMalley2016,GATA19,GATA,.
724,M02046_2.00,24,499,1173,27655,0.06921996494912212,0.18133191895867454,0.21030307031120926,0.13674506669991443,True,A. thaliana,Zoo_01,ANL2,Homeodomain,HD-GL2
725,M02726_2.00,6,499,192,27655,0.0749975981585448,0.792356716266027,0.8913637836816467,0.13674506669991443,True,A. thaliana,JASPAR,ZAP1,WRKY,.
726,M02523_2.00,32,499,1705,27655,0.07147327561236178,0.05680069235449204,0.0650854319611508,0.13674506669991443,True,A. thaliana,Zoo_01,TCX5,TCR/CxC,.
727,M07344_2.00,8,499,291,27655,0.0752066967766237,0.607481373357743,0.6826532361501657,0.13674506669991443,True,A. thaliana,OMalley2016,BEH3,BES1,.
728,M07206_2.00,15,499,1032,27655,0.07039490166889502,-0.3119799435487087,-0.3595440292995216,0.13674506669991443,True,A. thaliana,OMalley2016,NAC054,NAC/NAM,.
729,M01268_2.00,5,499,472,27655,0.0735550918970067,-0.768358238208452,-0.8708474364497927,0.13674506669991443,True,A. thaliana,TF_Evolution,AT1G14600,Myb/SANT,G2-like
730,M06751_2.00,9,499,338,27655,0.0723164872976116,0.561402281426155,0.6404267696854208,0.13674506669991443,True,A. thaliana,OMalley2016,TGA3,bZIP,.
731,M07197_2.00,23,499,1135,27655,0.07314983811514619,0.1674420901447623,0.19017848739561816,0.13674506669991443,True,A. thaliana,OMalley2016,anac046,NAC/NAM,.
732,M06599_2.00,9,499,334,27655,0.06975613369822953,0.5785774252342872,0.6690771166958183,0.13674506669991443,True,A. thaliana,OMalley2016,ERF037,AP2,DREB
733,M07167_2.00,24,499,1492,27655,0.07027807947034383,-0.1657126032680547,-0.19109647893182613,0.13674506669991443,True,A. thaliana,OMalley2016,NAC010,NAC/NAM,.
734,M06596_2.00,16,499,714,27655,0.07066256738860999,0.3125764522369273,0.35971629059336957,0.13674506669991443,True,A. thaliana,OMalley2016,HRE1,AP2,ERF
735,M06813_2.00,32,499,1769,27655,0.0733678673828352,0.003638383575568444,0.0041277247166720266,0.13674506669991443,True,A. thaliana,OMalley2016,AT3G46070,C2H2 ZF,.
736,M02364_2.00,27,499,1399,27655,0.07452385329309874,0.09706397126474232,0.10945949638061662,0.13674506669991443,True,O. tauri,Zoo_01,estExt_fgenesh1_pg.C_Chr_03.00010061,Myb/SANT,MYB-related
737,M06774_2.00,9,499,341,27655,0.07423466414923464,0.5486537886841671,0.6196458865988145,0.13674506669991443,True,A. thaliana,OMalley2016,TGA6,bZIP,.
738,M06684_2.00,14,499,601,27655,0.07012445264886683,0.36849045761244575,0.42528608182887406,0.13674506669991443,True,A. thaliana,OMalley2016,ABR1,AP2,ERF
739,M07426_2.00,21,499,1013,27655,0.07294084334440329,0.20025568024364898,0.22769655984117684,0.13674506669991443,True,A. thaliana,OMalley2016,WRKY24,WRKY,.
740,M06880_2.00,9,499,341,27655,0.07423466414923464,0.5486537886841671,0.6196458865988145,0.13674506669991443,True,A. thaliana,OMalley2016,FAR1,FAR1,.
741,M01222_2.00,25,499,1549,27655,0.06914749661618222,-0.16090852274881667,-0.18668985560071702,0.13674506669991443,True,C. sativa,TF_Evolution,PK20555.1,Dof,.
742,M02306_2.00,4,499,99,27655,0.07068060616847502,1.1630000961864173,1.338263901984933,0.13674506669991443,True,A. thaliana,Zoo_01,MYB33,Myb/SANT,R2R3-MYB
743,M07363_2.00,19,499,887,27655,0.07105796111140912,0.2474939354085488,0.28421888185967936,0.13674506669991443,True,A. thaliana,OMalley2016,AT5G59990,Unknown,.
744,M08180_2.00,33,499,1879,27655,0.07136662609288864,-0.038998515795575076,-0.04471198689143211,0.13674506669991443,True,A. thaliana,JASPAR,WRKY40,WRKY,.
745,M07189_2.00,30,499,1705,27655,0.07480841670674838,-0.036308712036989314,-0.04088540837272632,0.13674506669991443,True,A. thaliana,OMalley2016,ANAC038,NAC/NAM,.
746,M06909_2.00,22,499,1056,27655,0.06956719364316452,0.20739421554487086,0.24007861392378071,0.13674506669991443,True,A. thaliana,OMalley2016,ATHB-6,Homeodomain,HD-ZIP
747,M06657_2.00,16,499,712,27655,0.07001682100815323,0.3166232852996292,0.36563581361186936,0.13674506669991443,True,A. thaliana,OMalley2016,ERF115,AP2,ERF
748,M10923_2.00,14,499,972,27655,0.07234086912355885,-0.32510086528214993,-0.37081533886994006,0.13674506669991443,True,A. thaliana,Transfac,AG,MADS box,.
749,M07195_2.00,21,499,1337,27655,0.07125094208075086,-0.20010961104856556,-0.22956762463105765,0.13674506669991443,True,A. thaliana,OMalley2016,NAC045,NAC/NAM,.
750,M01946_2.00,28,499,1425,27655,0.07025225489153686,0.12296543438416474,0.14182092109102407,0.13674506669991443,True,A. thaliana,Zoo_01,CDF2,Dof,.
751,M06912_2.00,31,499,1629,27655,0.07109538593370007,0.0767821381273847,0.08815807098264297,0.13674506669991443,True,A. thaliana,OMalley2016,ATHB-20,Homeodomain,HD-ZIP
752,M06859_2.00,35,499,1961,27655,0.07023399112967875,-0.015734086981155547,-0.01814852434867475,0.13674506669991443,True,A. thaliana,OMalley2016,DOF4.5,Dof,.
753,M06690_2.00,14,499,613,27655,0.07465957962683462,0.3399683746328498,0.38311527721850547,0.13674506669991443,True,A. thaliana,OMalley2016,ERF010,AP2,DREB
754,M06966_2.00,20,499,941,27655,0.07005216334682966,0.23623389842485268,0.2727505678825824,0.13674506669991443,True,A. thaliana,OMalley2016,LOB,LOB,.
755,M02308_2.00,9,499,333,27655,0.0691160224970358,0.5829033506370772,0.6764134421652201,0.13674506669991443,True,A. thaliana,Zoo_01,KAN1,Myb/SANT,G2-like
756,M07056_2.00,30,499,1702,27655,0.07491501698866293,-0.03376800981141714,-0.03800356902320233,0.13674506669991443,True,A. thaliana,OMalley2016,AT2G38300,Myb/SANT,G2-like
757,M02289_2.00,2,499,287,27655,0.07387771605296178,-1.3725502104096607,-1.5530220876478174,0.13674506669991443,True,A. thaliana,Zoo_01,HHO3,Myb/SANT,G2-like
758,M06860_2.00,18,499,1165,27655,0.07543166719180516,-0.22383252183330318,-0.2512399844730519,0.1368455061059382,True,A. thaliana,OMalley2016,DOF4.5,Dof,.
759,M01318_2.00,4,499,102,27655,0.07556747285335759,1.1199313742945314,1.2561879384260983,0.1368455061059382,True,C. sativa,TF_Evolution,PK19717.1,TCP,.
760,M02350_2.00,29,499,1659,27655,0.07557288109333743,-0.04576045956226398,-0.0513264882476697,0.1368455061059382,True,C. sativa,Zoo_01,PK08316.1,Myb/SANT,MYB-related
761,M06649_2.00,13,499,560,27655,0.07581818077280876,0.36351341746215254,0.4072174144233884,0.13710951851040745,True,A. thaliana,OMalley2016,ERF015,AP2,DREB
762,M02653_2.00,12,499,506,27655,0.07644726582431159,0.39432564229287304,0.4403190134116683,0.13739199172484468,True,A. thaliana,JASPAR,LEC2,B3,FUS
763,M02037_2.00,3,499,347,27655,0.07661643235260103,-1.0614726355910777,-1.1842617465535001,0.13739199172484468,True,A. thaliana,Zoo_01,KNAT6,Homeodomain,HD-KN
764,M06873_2.00,14,499,956,27655,0.07677201279254746,-0.3011551696571176,-0.3357269016532199,0.13739199172484468,True,A. thaliana,OMalley2016,E2FE,E2F,.
765,M07042_2.00,2,499,284,27655,0.07642689964263558,-1.3573904032386552,-1.5158708335948403,0.13739199172484468,True,A. thaliana,OMalley2016,MYB88,Myb/SANT,R2R3-MYB
766,M07415_2.00,24,499,1220,27655,0.07654825391180854,0.12465378453693449,0.13912169004389222,0.13739199172484468,True,A. thaliana,OMalley2016,WRKY11,WRKY,.
767,M07389_2.00,26,499,1530,27655,0.07675061069789278,-0.08651950317289502,-0.0964621652984093,0.13739199172484468,True,A. thaliana,OMalley2016,WRKY21,WRKY,.
768,M07227_2.00,25,499,1489,27655,0.07661971041953923,-0.1039151325413481,-0.1159339041634901,0.13739199172484468,True,A. thaliana,OMalley2016,NAC078,NAC/NAM,.
769,M06609_2.00,11,499,451,27655,0.0763240305232412,0.4348047116479433,0.4858241327682069,0.13739199172484468,True,A. thaliana,OMalley2016,DREB2E,AP2,DREB
770,M02696_2.00,24,499,1223,27655,0.07694026581563577,0.12111052845979643,0.13489851614904302,0.13741308844378158,True,A. thaliana,JASPAR,SEP1,MADS box,.
771,M07362_2.00,23,499,1159,27655,0.07698323967968025,0.13725382131656794,0.1528463792440443,0.13741308844378158,True,A. thaliana,OMalley2016,AT5G59990,Unknown,.
772,M02502_2.00,4,499,103,27655,0.07720825358228167,1.1058561890828087,1.2300839496157319,0.13763644687759916,True,A. thaliana,Zoo_01,TCP20,TCP,.
773,M06638_2.00,15,499,678,27655,0.0775020092831525,0.29410584873820145,0.3266595539991518,0.1379816134265945,True,A. thaliana,OMalley2016,ERF091,AP2,ERF
774,M07031_2.00,12,499,510,27655,0.07823530380411083,0.3829657801283251,0.4237888701881618,0.13809978999315578,True,A. thaliana,OMalley2016,MYB105,Myb/SANT,R2R3-MYB
775,M07242_2.00,19,499,1201,27655,0.07804321686497179,-0.18973620599602148,-0.21016412382330618,0.13809978999315578,True,A. thaliana,OMalley2016,NAC101,NAC/NAM,.
776,M06984_2.00,22,499,1107,27655,0.0787585873294788,0.13934882812177224,0.15379959176147773,0.13809978999315578,True,A. thaliana,OMalley2016,SVP,MADS box,.
777,M07304_2.00,9,499,688,27655,0.0779670028982949,-0.4639830369937585,-0.5141345737247768,0.13809978999315578,True,A. thaliana,OMalley2016,JGL,Unknown,.
778,M07088_2.00,12,499,510,27655,0.07823530380411083,0.3829657801283251,0.4237888701881618,0.13809978999315578,True,A. thaliana,OMalley2016,MYB118,Myb/SANT,R2R3-MYB
779,M01266_2.00,12,499,846,27655,0.07857511967371328,-0.34719463613276674,-0.3835511046993016,0.13809978999315578,True,A. thaliana,TF_Evolution,TRP5,Myb/SANT,MYB-related
780,M07068_2.00,12,499,511,27655,0.07867936488119583,0.3801397360495619,0.41972716674157545,0.13809978999315578,True,A. thaliana,OMalley2016,MYB1,Myb/SANT,R2R3-MYB
781,M06922_2.00,25,499,1465,27655,0.07887121532990828,-0.08047204326885836,-0.08876721954635143,0.13809978999315578,True,A. thaliana,OMalley2016,HAT1,Homeodomain,HD-ZIP
782,M02559_2.00,11,499,456,27655,0.07881572704774979,0.4188983207385825,0.4622070091263869,0.13809978999315578,True,A. thaliana,Zoo_01,WRKY11,WRKY,.
783,M07005_2.00,18,499,855,27655,0.07775390376931933,0.22250110793507924,0.24681553889536986,0.13809978999315578,True,A. thaliana,OMalley2016,MYB58,Myb/SANT,R2R3-MYB
784,M01629_2.00,8,499,295,27655,0.07812854631813922,0.5877855720168232,0.6507904580845387,0.13809978999315578,True,A. thaliana,Zoo_01,ERF113,AP2,ERF
785,M07047_2.00,14,499,624,27655,0.0786869293341192,0.31430941946138286,0.34702821351312413,0.13809978999315578,True,A. thaliana,OMalley2016,AT2G20400,Myb/SANT,G2-like
786,M02715_2.00,8,499,296,27655,0.07885774925903485,0.5829033506370772,0.6430331087027414,0.13809978999315578,True,A. thaliana,JASPAR,SPL3,SBP,.
787,M06594_2.00,15,499,683,27655,0.07913381172297722,0.2835055435844551,0.3123204558237354,0.13838374689627236,True,A. thaliana,OMalley2016,ERF021,AP2,DREB
788,M07110_2.00,15,499,684,27655,0.07945625396945044,0.2813947969886476,0.30949823394485965,0.1384206295447569,True,A. thaliana,OMalley2016,PC-MYB1,Myb/SANT,MYB3R
789,M06789_2.00,9,499,349,27655,0.07932544256746168,0.5151984914986871,0.5670210178213793,0.1384206295447569,True,A. thaliana,OMalley2016,TGA4,bZIP,.
790,M06647_2.00,10,499,738,27655,0.07942823258753351,-0.4131921949070067,-0.4545217859885366,0.1384206295447569,True,A. thaliana,OMalley2016,ERF054,AP2,DREB
791,M06620_2.00,22,499,1117,27655,0.08022086484440631,0.12637486442000959,0.13847053888755523,0.13853204915600265,True,A. thaliana,OMalley2016,ERF7,AP2,ERF
792,M06930_2.00,26,499,1410,27655,0.0803244610128056,0.03131698712096321,0.034296866714583006,0.13853204915600265,True,A. thaliana,OMalley2016,HAT2,Homeodomain,HD-ZIP
793,M07132_2.00,18,499,864,27655,0.07990994801074053,0.20739421554487086,0.2275942362447001,0.13853204915600265,True,A. thaliana,OMalley2016,PHL1,Myb/SANT,G2-like
794,M06877_2.00,11,499,459,27655,0.08029668380591024,0.4094379914895164,0.4484584107966728,0.13853204915600265,True,A. thaliana,OMalley2016,EIL3,EIN3,.
795,M07019_2.00,23,499,1182,27655,0.08005572582464598,0.10890435214550727,0.1194253403006566,0.13853204915600265,True,A. thaliana,OMalley2016,KAN2,Myb/SANT,G2-like
796,M07211_2.00,21,499,1282,27655,0.08018133405228324,-0.13950640757395363,-0.15288879998672625,0.13853204915600265,True,A. thaliana,OMalley2016,anac058,NAC/NAM,.
797,M00980_2.00,6,499,197,27655,0.08008976723521112,0.7552673975308067,0.8280925220305863,0.13853204915600265,True,A. thaliana,Lindemose2014,NAC105,NAC/NAM,.
798,M02535_2.00,25,499,1451,27655,0.07994889522572143,-0.06661889802599279,-0.073093424388118,0.13853204915600265,True,O. tauri,Zoo_01,gw1.20.00.89.1,TCR/CxC,.
799,M01292_2.00,5,499,150,27655,0.08069430670998214,0.8854661206575084,0.9679535813198095,0.13855875520913322,True,C. sativa,TF_Evolution,PK26618.1,NAC/NAM,.
800,M06564_2.00,7,499,248,27655,0.08134188012448927,0.6455153279367558,0.7034088824007461,0.13855875520913322,True,A. thaliana,OMalley2016,DREB1F,AP2,DREB
801,M06905_2.00,20,499,1228,27655,0.08144600269912765,-0.14781003421679006,-0.16098437591809234,0.13855875520913322,True,A. thaliana,OMalley2016,WUS,Homeodomain,HD-WOX
802,M06613_2.00,11,499,461,27655,0.08127741643154034,0.40316539447398636,0.4394624191966348,0.13855875520913322,True,A. thaliana,OMalley2016,ERF13,AP2,ERF
803,M07348_2.00,8,499,299,27655,0.08104084109317837,0.5683550420679219,0.6202436182269331,0.13855875520913322,True,A. thaliana,OMalley2016,BEH2,BES1,.
804,M00843_2.00,6,499,198,27655,0.08110964806420895,0.7479625969075736,0.8159729532257161,0.13855875520913322,True,A. thaliana,Franco_Zorrilla2014,ERF037,AP2,DREB
805,M07024_2.00,21,499,1058,27655,0.08112153643571922,0.13755022693076166,0.1500485677010931,0.13855875520913322,True,A. thaliana,OMalley2016,HHO6,Myb/SANT,G2-like
806,M07178_2.00,26,499,1442,27655,0.08083410606597373,-0.0010590148337034663,-0.0011568734807935663,0.13855875520913322,True,A. thaliana,OMalley2016,ANAC020,NAC/NAM,.
807,M06977_2.00,17,499,1087,27655,0.08142623616371207,-0.20631666751094271,-0.2247274672794477,0.13855875520913322,True,A. thaliana,OMalley2016,AT3G58630,Trihelix,MADF
808,M07420_2.00,21,499,1060,27655,0.08142777673993865,0.13482558959422564,0.14685572947950856,0.13855875520913322,True,A. thaliana,OMalley2016,WRKY75,WRKY,.
809,M06635_2.00,12,499,516,27655,0.08088024457327729,0.36609196156392904,0.39983009767641564,0.13855875520913322,True,A. thaliana,OMalley2016,ERF039,AP2,DREB
810,M06595_2.00,15,499,691,27655,0.08167443910817647,0.26670541148628685,0.2901525081775625,0.13855921930395587,True,A. thaliana,OMalley2016,HRE1,AP2,ERF
811,M07216_2.00,13,499,887,27655,0.08180173900321264,-0.2999938598939447,-0.3261645633476962,0.13855921930395587,True,A. thaliana,OMalley2016,NAC69,NAC/NAM,.
812,M07413_2.00,23,499,1354,27655,0.08176862081380128,-0.08709335125195695,-0.09470647087964759,0.13855921930395587,True,A. thaliana,OMalley2016,WRKY7,WRKY,.
813,M07422_2.00,16,499,751,27655,0.08184847932759076,0.239687618751755,0.26053789729542576,0.13855921930395587,True,A. thaliana,OMalley2016,WRKY30,WRKY,.
814,M07267_2.00,25,499,1363,27655,0.08205629090825693,0.023643059235542194,0.02567371709269817,0.13857055008771818,True,A. thaliana,OMalley2016,CRC,YABBY,.
815,M02471_2.00,5,499,151,27655,0.08195887713834511,0.8758800718283104,0.951559613727254,0.13857055008771818,True,A. thaliana,Zoo_01,SPL11,SBP,.
816,M07347_2.00,7,499,249,27655,0.08219228832776818,0.6397097062555501,0.694193096249587,0.13861986816920385,True,A. thaliana,OMalley2016,BEH2,BES1,.
817,M06611_2.00,24,499,1278,27655,0.08228668516865657,0.057647096040188604,0.06252810058928866,0.13861986816920385,True,A. thaliana,OMalley2016,DREB2C,AP2,DREB
818,M07039_2.00,19,499,939,27655,0.082676380294568,0.16530288205583824,0.17895996577829051,0.13906433916411637,True,A. thaliana,OMalley2016,ATMYB63,Myb/SANT,R2R3-MYB
819,M07430_2.00,23,499,1208,27655,0.08275236437922744,0.07751393299796085,0.08388709669725918,0.13906433916411637,True,A. thaliana,OMalley2016,WRKY27,WRKY,.
820,M01077_2.00,14,499,636,27655,0.0829000241221895,0.2868286830392757,0.31018954353431055,0.13914279322823037,True,A. thaliana,Stam_Arabidopsis,PHL12,Myb/SANT,G2-like
821,M07162_2.00,15,499,982,27655,0.08313098309644287,-0.24033190244014757,-0.25961543337750115,0.1393109438640365,True,A. thaliana,OMalley2016,NAC004,NAC/NAM,.
822,M07330_2.00,11,499,780,27655,0.08320239970979829,-0.35554197884628636,-0.38393703595105577,0.1393109438640365,True,A. thaliana,OMalley2016,NF-YB1,NF-YB,.
823,M01074_2.00,23,499,1335,27655,0.0833503463174484,-0.06670535425187657,-0.07198125357694675,0.13938929274932513,True,A. thaliana,Stam_Arabidopsis,RVE8,Myb/SANT,MYB-related
824,M06677_2.00,13,499,596,27655,0.08955122715939871,0.2736279139449573,0.28674247804870157,0.13945058831391077,True,A. thaliana,OMalley2016,ERF105,AP2,ERF
825,M01646_2.00,11,499,478,27655,0.08935222034335348,0.3509215269225758,0.36807971254307686,0.13945058831391077,True,A. thaliana,Zoo_01,RAV1,AP2,B3
826,M06876_2.00,20,499,1031,27655,0.08672844783152676,0.10445619378528066,0.11091560040072158,0.13945058831391077,True,A. thaliana,OMalley2016,E2FD,E2F,.
827,M01061_2.00,22,499,1228,27655,0.0873991934818585,-0.010306510466855033,-0.010909364803414008,0.13945058831391077,True,A. thaliana,Stam_Arabidopsis,IDD2,C2H2 ZF,.
828,M01276_2.00,10,499,719,27655,0.08654108384860948,-0.37556314928590845,-0.3991401287203982,0.13945058831391077,True,C. sativa,TF_Evolution,PK05732.1,Myb/SANT,G2-like
829,M02672_2.00,21,499,1109,27655,0.08718696857540198,0.06963048888307745,0.07377687463049289,0.13945058831391077,True,Zea mays,JASPAR,id1,C2H2 ZF,.
830,M07418_2.00,21,499,1098,27655,0.08619645153971311,0.08401180003958858,0.08943145271430189,0.13945058831391077,True,A. thaliana,OMalley2016,WRKY26,WRKY,.
831,M06603_2.00,8,499,306,27655,0.08609650518807296,0.5349688735733752,0.5697495950905817,0.13945058831391077,True,A. thaliana,OMalley2016,ERF008,AP2,DREB
832,M00873_2.00,7,499,254,27655,0.08643017895219218,0.6110269515514651,0.6497260916625288,0.13945058831391077,True,A. thaliana,Franco_Zorrilla2014,ARR14,Myb/SANT,ARR-B
833,M07133_2.00,19,499,1148,27655,0.08671184071878187,-0.12462269696607514,-0.1323395330701593,0.13945058831391077,True,A. thaliana,OMalley2016,MYB23,Myb/SANT,R2R3-MYB
834,M07188_2.00,19,499,976,27655,0.0886726850424061,0.1095468921467264,0.11526635080280578,0.13945058831391077,True,A. thaliana,OMalley2016,ANAC038,NAC/NAM,.
835,M02547_2.00,13,499,590,27655,0.08741396604933027,0.28822529015791537,0.305063173820276,0.13945058831391077,True,A. thaliana,Zoo_01,WRKY57,WRKY,.
836,M06978_2.00,17,499,1051,27655,0.08836415774395241,-0.15772739644581216,-0.1662011206527051,0.13945058831391077,True,A. thaliana,OMalley2016,AT5G05550,Trihelix,MADF
837,M07239_2.00,16,499,764,27655,0.0853415745224229,0.21492788823027817,0.22972338409938756,0.13945058831391077,True,A. thaliana,OMalley2016,NAC098,NAC/NAM,.
838,M07014_2.00,9,499,666,27655,0.08694717959319531,-0.4170966493629228,-0.44243297725900954,0.13945058831391077,True,A. thaliana,OMalley2016,MYB116,Myb/SANT,R2R3-MYB
839,M00974_2.00,6,499,206,27655,0.08925403760662941,0.6908186898039648,0.7249258789176143,0.13945058831391077,True,A. thaliana,Lindemose2014,NAC030,NAC/NAM,.
840,M07212_2.00,18,499,1095,27655,0.08826450421082406,-0.1344334367801964,-0.14172159954921226,0.13945058831391077,True,A. thaliana,OMalley2016,NAC062,NAC/NAM,.
841,M07342_2.00,22,499,1291,27655,0.08406221023889493,-0.08248495040386637,-0.08870424929041933,0.13945058831391077,True,A. thaliana,OMalley2016,AT4G12670,Unknown,.
842,M06660_2.00,22,499,1162,27655,0.08519378706632594,0.0693939814987954,0.07422325272658312,0.13945058831391077,True,A. thaliana,OMalley2016,SHN2,AP2,ERF
843,M07249_2.00,12,499,822,27655,0.08615802644071627,-0.3056753666944998,-0.3254538643826842,0.13945058831391077,True,A. thaliana,OMalley2016,RKD2,RWP-RK,.
844,M02725_2.00,19,499,1153,27655,0.08600775126700057,-0.1308925679421594,-0.13946111051368518,0.13945058831391077,True,Pisum sativum,JASPAR,PEND,Unknown,.
845,M07205_2.00,15,499,707,27655,0.0864618182799678,0.23368090706514666,0.2484438468858242,0.13945058831391077,True,A. thaliana,OMalley2016,NAC054,NAC/NAM,.
846,M10908_2.00,21,499,1132,27655,0.08867026810593985,0.04001589621290498,0.042105605480117846,0.13945058831391077,True,A. thaliana,Transfac,AGL3,MADS box,.
847,M06682_2.00,16,499,761,27655,0.08455929675187605,0.22060407276248145,0.23667257286065632,0.13945058831391077,True,A. thaliana,OMalley2016,ERF104,AP2,ERF
848,M06921_2.00,19,499,973,27655,0.088267815344197,0.11398823492850094,0.12016612622071444,0.13945058831391077,True,A. thaliana,OMalley2016,PDF2,Homeodomain,HD-ZIP
849,M07393_2.00,21,499,1161,27655,0.08940135727681112,0.0035218821792208617,0.0036932424832584864,0.13945058831391077,True,A. thaliana,OMalley2016,WRKY43,WRKY,.
850,M07173_2.00,7,499,557,27655,0.08830260673918326,-0.5218218790164006,-0.5500140760476921,0.13945058831391077,True,A. thaliana,OMalley2016,anac016,NAC/NAM,.
851,M01970_2.00,4,499,392,27655,0.08726854087304606,-0.8223531278491811,-0.8709889712040598,0.13945058831391077,True,Oryza sativa,Zoo_01,OS09G0490200,EIN3,.
852,M06593_2.00,23,499,1231,27655,0.08441167297943834,0.05030362583858236,0.05400584655071405,0.13945058831391077,True,A. thaliana,OMalley2016,ERF021,AP2,DREB
853,M02554_2.00,2,499,274,27655,0.08543229238139416,-1.3056753666945,-1.3949547588067517,0.13945058831391077,True,A. thaliana,Zoo_01,WRKY33,WRKY,.
854,M07127_2.00,16,499,761,27655,0.08455929675187605,0.22060407276248145,0.23667257286065632,0.13945058831391077,True,A. thaliana,OMalley2016,MYB43,Myb/SANT,R2R3-MYB
855,M06882_2.00,16,499,780,27655,0.08925248359208848,0.1850264025164162,0.19416294893558658,0.13945058831391077,True,A. thaliana,OMalley2016,GATA11,GATA,.
856,M07213_2.00,10,499,718,27655,0.08691526624346367,-0.3735552226696621,-0.3963062057221324,0.13945058831391077,True,A. thaliana,OMalley2016,NAC062,NAC/NAM,.
857,M07200_2.00,16,499,1013,27655,0.08694019202904385,-0.1920617425351114,-0.20373514094982087,0.13945058831391077,True,A. thaliana,OMalley2016,ANAC050,NAC/NAM,.
858,M06892_2.00,19,499,977,27655,0.08880431767367843,0.10806947774122727,0.11364217959817652,0.13945058831391077,True,A. thaliana,OMalley2016,ZIM,GATA,.
859,M06969_2.00,18,499,894,27655,0.0862726330350273,0.15815069652502145,0.16829241787825008,0.13945058831391077,True,A. thaliana,OMalley2016,AT-GTL1,Trihelix,MADF
860,M07410_2.00,22,499,1239,27655,0.08717938314880998,-0.023172137237277263,-0.024552877031719312,0.13945058831391077,True,A. thaliana,OMalley2016,WRKY29,WRKY,.
861,M01052_2.00,5,499,155,27655,0.08702419736066332,0.8381604058791517,0.8887517458496497,0.13945058831391077,True,A. thaliana,Stam_Arabidopsis,BHLH49,bHLH,.
862,M07237_2.00,22,499,1246,27655,0.0869558991911032,-0.03130001812067738,-0.03319995894341992,0.13945058831391077,True,A. thaliana,OMalley2016,anac096,NAC/NAM,.
863,M02693_2.00,21,499,1132,27655,0.08867026810593985,0.04001589621290498,0.042105605480117846,0.13945058831391077,True,A. thaliana,JASPAR,AGL3,MADS box,.
864,M07391_2.00,21,499,1120,27655,0.08799614829672438,0.055391122099820736,0.058467342126631724,0.13945058831391077,True,A. thaliana,OMalley2016,WRKY33,WRKY,.
865,M07370_2.00,6,499,511,27655,0.08372765477330273,-0.6198602639504381,-0.6676707513975414,0.13945058831391077,True,A. thaliana,OMalley2016,GRF9,WRC,.
866,M06941_2.00,16,499,773,27655,0.087597207436459,0.19803211234117943,0.20942088738477405,0.13945058831391077,True,A. thaliana,OMalley2016,HSFA6B,HSF,.
867,M02720_2.00,4,499,397,27655,0.08378536119476927,-0.8406384808769307,-0.9052262937185896,0.13945058831391077,True,Pisum sativum,JASPAR,HMG-1,HMGBox,.
868,M10909_2.00,23,499,1266,27655,0.08559475752430615,0.009856982894698555,0.010522850024065824,0.13945058831391077,True,A. thaliana,Transfac,AGL3,MADS box,.
869,M07224_2.00,9,499,664,27655,0.08776928431273551,-0.4127577136385853,-0.4361435102503777,0.13945058831391077,True,A. thaliana,OMalley2016,ANAC076,NAC/NAM,.
870,M07243_2.00,19,499,1130,27655,0.08900941388207864,-0.10182282759293736,-0.10697140302831708,0.13945058831391077,True,A. thaliana,OMalley2016,anac103,NAC/NAM,.
871,M06973_2.00,20,499,1177,27655,0.0879486577592612,-0.086613793885055,-0.09144431309272699,0.13945058831391077,True,A. thaliana,OMalley2016,ASIL2,Trihelix,MADF
872,M06665_2.00,7,499,558,27655,0.08780079994089117,-0.5244096735055566,-0.5540396209785962,0.13945058831391077,True,A. thaliana,OMalley2016,RAP2-11,AP2,ERF
873,M07394_2.00,21,499,1143,27655,0.08909658304176953,0.026064450830309113,0.027371295062334332,0.13945058831391077,True,A. thaliana,OMalley2016,WRKY43,WRKY,.
874,M07171_2.00,22,499,1198,27655,0.08715609659598099,0.025376142114538754,0.026891154348437488,0.13945058831391077,True,A. thaliana,OMalley2016,ANAC13,NAC/NAM,.
875,M07290_2.00,6,499,201,27655,0.08416874133756258,0.7262675258082546,0.7806280453020046,0.13945058831391077,True,A. thaliana,OMalley2016,TCP17,TCP,.
876,M06923_2.00,9,499,672,27655,0.08448390411202743,-0.4300357050704209,-0.4615255103732095,0.13945058831391077,True,A. thaliana,OMalley2016,HAT1,Homeodomain,HD-ZIP
877,M07401_2.00,23,499,1258,27655,0.08546713189558754,0.019002465443750623,0.020298450116165007,0.13945058831391077,True,A. thaliana,OMalley2016,WRKY22,WRKY,.
878,M06732_2.00,8,499,311,27655,0.08966126360386426,0.5115859461354243,0.5358326361699501,0.13945058831391077,True,A. thaliana,OMalley2016,BHLH10,bHLH,.
879,M02521_2.00,21,499,1193,27655,0.08877177972667942,-0.03570418865044088,-0.037550990420135266,0.13945058831391077,True,A. thaliana,Zoo_01,TCX4,TCR/CxC,.
880,M07183_2.00,14,499,648,27655,0.08688689765726955,0.25986163543900626,0.2757250732721317,0.13945058831391077,True,A. thaliana,OMalley2016,NAC031,NAC/NAM,.
881,M07310_2.00,7,499,555,27655,0.08930853921680597,-0.5166323229138371,-0.5420025937067884,0.13945058831391077,True,A. thaliana,OMalley2016,WIP5,C2H2 ZF,.
882,M07210_2.00,18,499,891,27655,0.08569825168507662,0.1630000961864173,0.1739256728197123,0.13945058831391077,True,A. thaliana,OMalley2016,anac058,NAC/NAM,.
883,M07390_2.00,22,499,1243,27655,0.08705954101741159,-0.02782224614916058,-0.029496689828041475,0.13945058831391077,True,A. thaliana,OMalley2016,WRKY21,WRKY,.
884,M07416_2.00,15,499,700,27655,0.08441874047010069,0.24803620004221658,0.2662820236493393,0.13945058831391077,True,A. thaliana,OMalley2016,WRKY18,WRKY,.
885,M06979_2.00,18,499,1086,27655,0.0895738244461959,-0.12252667009602199,-0.1283857585660958,0.13945058831391077,True,A. thaliana,OMalley2016,AT5G05550,Trihelix,MADF
886,M07175_2.00,19,499,1122,27655,0.08990283542167359,-0.09157273089918011,-0.09580582790429922,0.1395113819944439,True,A. thaliana,OMalley2016,NAC017,NAC/NAM,.
887,M01619_2.00,11,499,479,27655,0.08981022750202484,0.34790648916714406,0.36414474743454217,0.1395113819944439,True,A. thaliana,Zoo_01,ERF1B,AP2,ERF
888,M07104_2.00,13,499,621,27655,0.09761441247199147,0.21434697618663753,0.2165946304399991,0.13953595475768074,True,A. thaliana,OMalley2016,AtMYB74,Myb/SANT,R2R3-MYB
889,M06754_2.00,6,499,212,27655,0.0953059286111667,0.649398762423984,0.6629582623215675,0.13953595475768074,True,A. thaliana,OMalley2016,VIP1,bZIP,.
890,M06746_2.00,1,499,204,27655,0.09076424352816292,-1.8800686257054686,-1.959191704141221,0.13953595475768074,True,A. thaliana,OMalley2016,AtbZIP52,bZIP,.
891,M06626_2.00,13,499,613,27655,0.0951930122978358,0.23305317071633772,0.23803932701376232,0.13953595475768074,True,A. thaliana,OMalley2016,ERF1B,AP2,ERF
892,M07419_2.00,18,499,1029,27655,0.09529245395140863,-0.04474554918562897,-0.045682587613804934,0.13953595475768074,True,A. thaliana,OMalley2016,WRKY26,WRKY,.
893,M07026_2.00,8,499,593,27655,0.09617763440561086,-0.4195315782799766,-0.4266325316300853,0.13953595475768074,True,A. thaliana,OMalley2016,MYB113,Myb/SANT,R2R3-MYB
894,M01636_2.00,10,499,437,27655,0.0974931487242557,0.34279534165279096,0.34657496984816316,0.13953595475768074,True,Oryza sativa,Zoo_01,OS05G0497200,AP2,ERF
895,M07113_2.00,20,499,1107,27655,0.09149889192800556,0.0018453043718371941,0.0019165039007577782,0.13953595475768074,True,A. thaliana,OMalley2016,HHO5,Myb/SANT,G2-like
896,M06577_2.00,11,499,483,27655,0.09162055111214629,0.33590895606755117,0.3486758814195225,0.13953595475768074,True,A. thaliana,OMalley2016,ERF055,AP2,DREB
897,M06598_2.00,8,499,590,27655,0.09754424905727944,-0.41221442798317676,-0.41666565554421164,0.13953595475768074,True,A. thaliana,OMalley2016,DREB2D,AP2,DREB
898,M06683_2.00,12,499,541,27655,0.09127027955392743,0.2978344331603679,0.30964970955984933,0.13953595475768074,True,A. thaliana,OMalley2016,ERF104,AP2,ERF
899,M06588_2.00,14,499,665,27655,0.09207819712289646,0.22250110793507924,0.23047625802608832,0.13953595475768074,True,A. thaliana,OMalley2016,RAP2-12,AP2,ERF
900,M00853_2.00,9,499,649,27655,0.09392866954622182,-0.3797929502907991,-0.3901240132519128,0.13953595475768074,True,A. thaliana,Franco_Zorrilla2014,REM1,B3,REM
901,M06737_2.00,10,499,433,27655,0.09552356477348074,0.3560615964266645,0.36314347599912566,0.13953595475768074,True,A. thaliana,OMalley2016,BHLH104,bHLH,.
902,M07209_2.00,20,499,1088,27655,0.09118180864896333,0.026821969903049938,0.027897310890089337,0.13953595475768074,True,A. thaliana,OMalley2016,anac057,NAC/NAM,.
903,M07004_2.00,19,499,1054,27655,0.09375643930744322,-0.0013749219276021035,-0.0014134182218700248,0.13953595475768074,True,A. thaliana,OMalley2016,HRS1,Myb/SANT,G2-like
904,M01051_2.00,8,499,318,27655,0.09456329671946788,0.4794737609816715,0.4911141351460554,0.13953595475768074,True,A. thaliana,Stam_Arabidopsis,ABR1,AP2,ERF
905,M07321_2.00,18,499,930,27655,0.0919701279972103,0.10119481171294571,0.1048735678625618,0.13953595475768074,True,A. thaliana,OMalley2016,GT-2,Trihelix,.
906,M07214_2.00,9,499,644,27655,0.095970293179118,-0.36863516040627736,-0.3752201560670764,0.13953595475768074,True,A. thaliana,OMalley2016,NAC68,NAC/NAM,.
907,M02504_2.00,5,499,163,27655,0.0971255987489251,0.7655566569223118,0.7752534202341074,0.13953595475768074,True,A. thaliana,Zoo_01,TCP19,TCP,.
908,M02494_2.00,10,499,428,27655,0.09300180277767718,0.37281782475224234,0.38456480471480237,0.13953595475768074,True,Oryza sativa,Zoo_01,OS03G0370250,Storekeeper,.
909,M07059_2.00,13,499,600,27655,0.09093567965813393,0.26397774391123824,0.27487096578756803,0.13953595475768074,True,A. thaliana,OMalley2016,MYB57,Myb/SANT,R2R3-MYB
910,M01270_2.00,10,499,428,27655,0.09300180277767718,0.37281782475224234,0.38456480471480237,0.13953595475768074,True,A. thaliana,TF_Evolution,UNE16,Myb/SANT,G2-like
911,M02326_2.00,5,499,436,27655,0.0955249092381809,-0.6538995136235373,-0.6669012371625247,0.13953595475768074,True,Oryza sativa,Zoo_01,OS01G0708000,Myb/SANT,MYB-related
912,M07078_2.00,14,499,661,27655,0.09090901926350137,0.23120517681593958,0.24077545904102732,0.13953595475768074,True,A. thaliana,OMalley2016,ATY53,Myb/SANT,R2R3-MYB
913,M02380_2.00,7,499,265,27655,0.09560772821924526,0.5498630888730696,0.5605892687866474,0.13953595475768074,True,P. patens,Zoo_01,e_gw1.279.28.1,NAC/NAM,.
914,M06725_2.00,5,499,439,27655,0.09358604384366788,-0.663792318381969,-0.6829021765151392,0.13953595475768074,True,A. thaliana,OMalley2016,BHLH122,bHLH,.
915,M06889_2.00,16,499,786,27655,0.09059887638697618,0.1739712140074205,0.18143061053312737,0.13953595475768074,True,A. thaliana,OMalley2016,GATA14,GATA,.
916,M07369_2.00,6,499,493,27655,0.09379758139925796,-0.5681246193907282,-0.5839232332743243,0.13953595475768074,True,A. thaliana,OMalley2016,AtGRF6,WRC,.
917,M06569_2.00,10,499,423,27655,0.09041894373900967,0.38977095803343953,0.4068197621556529,0.13953595475768074,True,A. thaliana,OMalley2016,ERF017,AP2,DREB
918,M07191_2.00,6,499,209,27655,0.09228906935839651,0.6699600849063004,0.6933080152606885,0.13953595475768074,True,A. thaliana,OMalley2016,JUB1,NAC/NAM,.
919,2.HSF6A-MEME,19,499,1055,27655,0.09375310187567851,-0.0027430538849349683,-0.002819898768819941,0.13953595475768074,True,.,.,2.HSF6A-MEME,.,.
920,M01939_2.00,15,499,925,27655,0.09553161805011079,-0.15406224352912895,-0.15712082066795913,0.13953595475768074,True,A. thaliana,Zoo_01,DOF1.8,Dof,.
921,M07276_2.00,6,499,213,27655,0.09630666836966364,0.6426095967613449,0.653112177218701,0.13953595475768074,True,A. thaliana,OMalley2016,TCP1,TCP,.
922,M07408_2.00,16,499,820,27655,0.09686180903420975,0.11287661676058099,0.1144396671480038,0.13953595475768074,True,A. thaliana,OMalley2016,WRKY31,WRKY,.
923,M07081_2.00,15,499,748,27655,0.09653509246104501,0.15235285198690887,0.15468610287201215,0.13953595475768074,True,A. thaliana,OMalley2016,AtMYB10,Myb/SANT,R2R3-MYB
924,M07376_2.00,18,499,935,27655,0.0925780940834119,0.0934591629333403,0.09658927519324921,0.13953595475768074,True,A. thaliana,OMalley2016,WRKY14,WRKY,.
925,M07375_2.00,18,499,953,27655,0.0943799654905808,0.0659493137983975,0.0676059728137354,0.13953595475768074,True,A. thaliana,OMalley2016,WRKY14,WRKY,.
926,M06731_2.00,8,499,322,27655,0.09730796495300052,0.46143983815141004,0.4669086431294815,0.13953595475768074,True,A. thaliana,OMalley2016,BHLH10,bHLH,.
927,M02356_2.00,9,499,369,27655,0.0916961440019779,0.4348047116479433,0.45117464243454697,0.13953595475768074,True,C. sativa,Zoo_01,PK27213.1,Myb/SANT,MYB-related
928,M06608_2.00,10,499,437,27655,0.0974931487242557,0.34279534165279096,0.34657496984816316,0.13953595475768074,True,A. thaliana,OMalley2016,ERF038,AP2,DREB
929,M06874_2.00,20,499,1077,27655,0.09073180302346305,0.0414822766091818,0.04323450700239666,0.13953595475768074,True,A. thaliana,OMalley2016,E2FE,E2F,.
930,M11071_2.00,16,499,819,27655,0.09671247406348371,0.1146370746250182,0.11630131911296884,0.13953595475768074,True,Petunia x hybrida,Transfac,myb.Ph3,Myb/SANT,R2R3-MYB
931,1.AIL6-MEME,7,499,267,27655,0.09724525259217295,0.5390157066360773,0.5455548248774308,0.13953595475768074,True,.,.,1.AIL6-MEME,.,.
932,M07387_2.00,17,499,868,27655,0.09331348959376914,0.11826832507188725,0.12182294689953126,0.13953595475768074,True,A. thaliana,OMalley2016,WRKY25,WRKY,.
933,M01238_2.00,1,499,200,27655,0.09574496214598438,-1.8514994735086978,-1.8864633158728594,0.13953595475768074,True,A. thaliana,TF_Evolution,KNAT4,Homeodomain,HD-KN
934,M06707_2.00,12,499,557,27655,0.09722797702232756,0.25578569964715125,0.25890852338933806,0.13953595475768074,True,A. thaliana,OMalley2016,NGA4,B3,FUS
935,M07231_2.00,17,499,978,27655,0.09758770654275563,-0.05387109743586744,-0.05444239441481323,0.13953595475768074,True,A. thaliana,OMalley2016,NAC083,NAC/NAM,.
936,M07217_2.00,15,499,730,27655,0.09253951353170155,0.18749465810716578,0.19380812595453875,0.13953595475768074,True,A. thaliana,OMalley2016,BRN2,NAC/NAM,.
937,M07254_2.00,18,499,992,27655,0.09617978906833617,0.008085407321464167,0.008222181524753519,0.13953595475768074,True,A. thaliana,OMalley2016,SPL11,SBP,.
938,M07395_2.00,17,499,999,27655,0.0957587478966174,-0.08452131027605203,-0.08611213160195606,0.13953595475768074,True,A. thaliana,OMalley2016,WRKY46,WRKY,.
939,M02003_2.00,2,499,264,27655,0.09523719317828275,-1.2520374030924266,-1.2785723483232352,0.13953595475768074,True,A. thaliana,Zoo_01,GATA3,GATA,.
940,M06972_2.00,9,499,377,27655,0.0964120979452344,0.40386100443967515,0.41026965934293647,0.13953595475768074,True,A. thaliana,OMalley2016,AT3G10030,Trihelix,MADF
941,M07174_2.00,14,499,875,27655,0.097037698359247,-0.17342756839606013,-0.17569244799156494,0.13953595475768074,True,A. thaliana,OMalley2016,NAC017,NAC/NAM,.
942,1.PIF1.MEME1,13,499,613,27655,0.0951930122978358,0.23305317071633772,0.23803932701376232,0.13953595475768074,True,.,.,1.PIF1.MEME1,.,.
943,M06733_2.00,6,499,488,27655,0.09666367066019696,-0.553418120575703,-0.5615736869076485,0.13953595475768074,True,A. thaliana,OMalley2016,AT2G42280,bHLH,.
944,M02264_2.00,5,499,436,27655,0.0955249092381809,-0.6538995136235373,-0.6669012371625247,0.13953595475768074,True,A. thaliana,Zoo_01,ASIL1,Trihelix,MADF
945,M07161_2.00,17,499,902,27655,0.09726004913698998,0.06283593426098558,0.06359408219077016,0.13953595475768074,True,A. thaliana,OMalley2016,NAC004,NAC/NAM,.
946,M07308_2.00,18,499,920,27655,0.09061676007211679,0.11679166676396414,0.12178935383607657,0.13953595475768074,True,A. thaliana,OMalley2016,AT1G23810,Unknown,.
947,M07201_2.00,17,499,1008,27655,0.09475305272180708,-0.09746036598354997,-0.09974160022370329,0.13953595475768074,True,A. thaliana,OMalley2016,ANAC050,NAC/NAM,.
948,M06890_2.00,8,499,600,27655,0.09298601823579136,-0.436461974229854,-0.45024646856431716,0.13953595475768074,True,A. thaliana,OMalley2016,GATA6,GATA,.
949,M07125_2.00,14,499,659,27655,0.09031196463852319,0.23557698331557944,0.24600237439857653,0.13953595475768074,True,A. thaliana,OMalley2016,MYB3R4,Myb/SANT,c-myb
950,M06981_2.00,17,499,990,27655,0.09663409869851503,-0.0714651574506055,-0.07252781572973682,0.13953595475768074,True,A. thaliana,OMalley2016,AT5G47660,Trihelix,MADF
951,M06846_2.00,20,499,1139,27655,0.09075477191060084,-0.03926722055472257,-0.04092156938282751,0.13953595475768074,True,A. thaliana,OMalley2016,GATA24,Dof,.
952,M01060_2.00,14,499,679,27655,0.09589473558945302,0.1924438740788992,0.1959473598362446,0.13953595475768074,True,A. thaliana,Stam_Arabidopsis,IDD9,C2H2 ZF,.
953,M06627_2.00,10,499,437,27655,0.0974931487242557,0.34279534165279096,0.34657496984816316,0.13953595475768074,True,A. thaliana,OMalley2016,ERF1B,AP2,ERF
954,M07396_2.00,17,499,866,27655,0.09300895092997219,0.12159634278964158,0.1254236185775552,0.13953595475768074,True,A. thaliana,OMalley2016,WRKY46,WRKY,.
955,M01640_2.00,7,499,263,27655,0.09395918548440103,0.5607926490313286,0.5759681224661056,0.13953595475768074,True,P. patens,Zoo_01,estExt_gwp_gw1.C_550163,AP2,DREB
956,M07177_2.00,10,499,429,27655,0.09351122880207194,0.36945097365384366,0.38021538442625974,0.13953595475768074,True,A. thaliana,OMalley2016,NAC018,NAC/NAM,.
957,M07016_2.00,19,499,1075,27655,0.09333583532985079,-0.02983671476721014,-0.03073037155694029,0.13953595475768074,True,A. thaliana,OMalley2016,HHO3,Myb/SANT,G2-like
958,M07196_2.00,17,499,862,27655,0.09237644902634617,0.12827549842726818,0.13269314447293656,0.13953595475768074,True,A. thaliana,OMalley2016,anac046,NAC/NAM,.
959,M02517_2.00,3,499,71,27655,0.09733772809247708,1.227572097482501,1.241957762759381,0.13953595475768074,True,C. sativa,Zoo_01,PK14653.1,TCP,.
960,M06686_2.00,17,499,892,27655,0.0963440996266511,0.07891965759606148,0.08019617339501528,0.13953595475768074,True,A. thaliana,OMalley2016,AT5G65130,AP2,DREB
961,M01602_2.00,10,499,437,27655,0.0974931487242557,0.34279534165279096,0.34657496984816316,0.13953595475768074,True,A. thaliana,Zoo_01,ERF094,AP2,ERF
962,M06976_2.00,18,499,1057,27655,0.09308165738562814,-0.0834779436743437,-0.0860771039456869,0.13953595475768074,True,A. thaliana,OMalley2016,AT3G58630,Trihelix,MADF
963,M00869_2.00,11,499,490,27655,0.09469941603685031,0.3151503959007539,0.32260455337417837,0.13953595475768074,True,A. thaliana,Franco_Zorrilla2014,HSFB2A,HSF,.
964,M06672_2.00,16,499,828,27655,0.09797736342512187,0.09886975876670147,0.09974715388210384,0.13990964435214293,True,A. thaliana,OMalley2016,ERF2,AP2,ERF
965,M06937_2.00,16,499,830,27655,0.09823411590898451,0.09538919003173987,0.09612727906387551,0.14013106803579778,True,A. thaliana,OMalley2016,HSFB3,HSF,.
966,M02305_2.00,3,499,320,27655,0.098467374418881,-0.9446088779001792,-0.9509449762359065,0.14020156548240023,True,A. thaliana,Zoo_01,AT5G05090,Myb/SANT,G2-like
967,M02157_2.00,17,499,956,27655,0.09866113111942962,-0.021047250464382217,-0.02117045916999324,0.14020156548240023,True,Oryza sativa,Zoo_01,HOX6,Homeodomain,HD-ZIP
968,M07030_2.00,17,499,929,27655,0.09870139100894204,0.02028477113371352,0.02039992223622122,0.14020156548240023,True,A. thaliana,OMalley2016,HHO2,Myb/SANT,G2-like
969,M07065_2.00,17,499,960,27655,0.09853340822784382,-0.02707103809215215,-0.02724473926981173,0.14020156548240023,True,A. thaliana,OMalley2016,MYB108,Myb/SANT,R2R3-MYB
970,M06948_2.00,15,499,760,27655,0.0987922496976855,0.12939170354359758,0.13007451969825873,0.14020156548240023,True,A. thaliana,OMalley2016,HSFA1B,HSF,.
971,M07368_2.00,7,499,536,27655,0.09897745974897247,-0.46637755213414145,-0.4684593199932572,0.1403198966400042,True,A. thaliana,OMalley2016,ERF122,AP2,ERF
972,M01610_2.00,7,499,270,27655,0.09967883654176363,0.5228960412728003,0.5236265478382365,0.14086398962428362,True,A. thaliana,Zoo_01,ERF018,AP2,DREB
973,M07025_2.00,16,499,930,27655,0.0997701406918003,-0.06873018972936677,-0.06879887973645864,0.14086398962428362,True,A. thaliana,OMalley2016,HHO6,Myb/SANT,G2-like
974,M06996_2.00,16,499,842,27655,0.09958661868943597,0.07468029319963095,0.07481464403140539,0.14086398962428362,True,A. thaliana,OMalley2016,AT5G23930,mTERF,.
975,M06584_2.00,11,499,731,27655,0.09947480379423548,-0.26193926104911297,-0.26253829224776215,0.14086398962428362,True,A. thaliana,OMalley2016,ERF3,AP2,ERF
976,M07339_2.00,16,499,845,27655,0.09987408223028382,0.06954918509648028,0.06958724230680026,0.1408664128079131,True,A. thaliana,OMalley2016,AT3G42860,Unknown,.
977,M06634_2.00,8,499,326,27655,0.100004928494168,0.44362856203494927,0.4436190667641323,0.1409067397392265,True,A. thaliana,OMalley2016,RAP2-9,AP2,DREB
978,M06679_2.00,6,499,217,27655,0.10028051292761382,0.6157679845427041,0.6150188740473607,0.14110132156685393,True,A. thaliana,OMalley2016,DREB1D,AP2,DREB
979,M07001_2.00,16,499,923,27655,0.10034781940168132,-0.05783012137974735,-0.057742917053523204,0.14110132156685393,True,A. thaliana,OMalley2016,MYB60,Myb/SANT,R2R3-MYB
980,M07105_2.00,7,499,533,27655,0.10051461364218568,-0.4582800844355446,-0.4572584829632841,0.14119178144641373,True,A. thaliana,OMalley2016,AtMYB74,Myb/SANT,R2R3-MYB
981,M07377_2.00,13,499,814,27655,0.10104233454050847,-0.17608854985912792,-0.17529555763988702,0.1416442899255551,True,A. thaliana,OMalley2016,WRKY6,WRKY,.
982,M00729_2.00,1,499,196,27655,0.10095751290357242,-1.8223531278491811,-1.814811058555268,0.1416442899255551,True,A. thaliana,Chang2013,AT3G24120,Myb/SANT,G2-like
983,M06568_2.00,10,499,446,27655,0.1017541014201284,0.3133849112330845,0.31101825237848896,0.14220806466220787,True,A. thaliana,OMalley2016,ERF017,AP2,DREB
984,M07251_2.00,16,499,878,27655,0.10169448588713771,0.014279586730668814,0.014175382801654032,0.14220806466220787,True,A. thaliana,OMalley2016,NLP7,RWP-RK,.
985,M07182_2.00,16,499,882,27655,0.10174945237059436,0.007721870708506428,0.0076637089569392995,0.14220806466220787,True,A. thaliana,OMalley2016,NAC031,NAC/NAM,.
986,M02472_2.00,3,499,73,27655,0.10214768678796032,1.1874946581071661,1.1765358207256484,0.14261348773435595,True,A. thaliana,Zoo_01,SPL4,SBP,.
987,M02349_2.00,1,499,195,27655,0.10229763929166813,-1.814973597483584,-1.7970677727709659,0.14267828638048452,True,C. sativa,Zoo_01,PK06182.1,Myb/SANT,R2R3-MYB
988,M01252_2.00,15,499,787,27655,0.10260762605331832,0.07902748636705907,0.07814398753370297,0.14273507993086518,True,C. sativa,TF_Evolution,PK24181.1,Homeodomain,HD-ZIP
989,M06736_2.00,8,499,330,27655,0.10264910320136966,0.4260345020202112,0.4211968123017895,0.14273507993086518,True,A. thaliana,OMalley2016,BHLH77,bHLH,.
990,M06636_2.00,8,499,330,27655,0.10264910320136966,0.4260345020202112,0.4211968123017895,0.14273507993086518,True,A. thaliana,OMalley2016,ERF039,AP2,DREB
991,M06943_2.00,9,499,627,27655,0.10280762593891064,-0.3300399150936996,-0.32607107606243513,0.1428113997417529,True,A. thaliana,OMalley2016,HSFC1,HSF,.
992,M07096_2.00,15,499,871,27655,0.10310850246457003,-0.06728159672431926,-0.06638712293194556,0.14308511218144762,True,A. thaliana,OMalley2016,F3A4.140,Myb/SANT,R2R3-MYB
993,M06628_2.00,14,499,715,27655,0.10352242616201372,0.11791220665787941,0.11613946247140426,0.14315314467793006,True,A. thaliana,OMalley2016,ERF011,AP2,DREB
994,M06610_2.00,9,499,390,27655,0.10367695093510464,0.3549514039587288,0.3493849792216452,0.14315314467793006,True,A. thaliana,OMalley2016,DREB2E,AP2,DREB
995,M01288_2.00,8,499,331,27655,0.10330132111628461,0.4216693094588093,0.41572129458079055,0.14315314467793006,True,O. tauri,TF_Evolution,e_gw1.09.00.361.1,Myb/SANT,MYB3R
996,M07312_2.00,12,499,576,27655,0.10342475894148527,0.20739421554487059,0.20436117524516437,0.14315314467793006,True,A. thaliana,OMalley2016,BHLH157,bHLH,.
997,M06622_2.00,1,499,194,27655,0.10365275904057074,-1.8075561259211008,-1.779392834902623,0.14315314467793006,True,A. thaliana,OMalley2016,PLT1,AP2,ANT
998,M01223_2.00,15,499,858,27655,0.10410175049138738,-0.04558652562500008,-0.04479067458732907,0.14345221217713183,True,C. sativa,TF_Evolution,PK23009.1,Dof,.
999,M06585_2.00,14,499,718,27655,0.10400533191052137,0.1118716045005797,0.10996356668199071,0.14345221217713183,True,A. thaliana,OMalley2016,ERF3,AP2,ERF
1000,M07357_2.00,11,499,515,27655,0.10460778867847877,0.24335971283274374,0.23859861816184263,0.1434613957826892,True,A. thaliana,OMalley2016,BMY2,BES1,.
1001,M07045_2.00,9,499,622,27655,0.10477382370311372,-0.31848905242226305,-0.31203875934648834,0.1434613957826892,True,A. thaliana,OMalley2016,EFM,Myb/SANT,G2-like
1002,M06674_2.00,15,499,835,27655,0.10494128225613261,-0.006385075486868986,-0.0062513313559071065,0.1434613957826892,True,A. thaliana,OMalley2016,ERF5,AP2,ERF
1003,M01617_2.00,8,499,333,27655,0.10459464226948281,0.4129783491947647,0.40492137332161304,0.1434613957826892,True,A. thaliana,Zoo_01,ERF7,AP2,ERF
1004,M01283_2.00,12,499,581,27655,0.10487966230708085,0.1949248635826542,0.19089161858557863,0.1434613957826892,True,C. sativa,TF_Evolution,PK26523.1,Myb/SANT,G2-like
1005,M06947_2.00,15,499,850,27655,0.10453034985229417,-0.03207171915051869,-0.03145458217566724,0.1434613957826892,True,A. thaliana,OMalley2016,HSFA4A,HSF,.
1006,M06624_2.00,13,499,649,27655,0.10475619970854463,0.15072176640798057,0.14768024111407096,0.1434613957826892,True,A. thaliana,OMalley2016,ERF095,AP2,ERF
1007,M07151_2.00,12,499,581,27655,0.10487966230708085,0.1949248635826542,0.19089161858557863,0.1434613957826892,True,A. thaliana,OMalley2016,MYB99,Myb/SANT,R2R3-MYB
1008,M06597_2.00,14,499,824,27655,0.10553447544112324,-0.08678888885958724,-0.0847585187120925,0.1439866407503642,True,A. thaliana,OMalley2016,DREB2D,AP2,DREB
1009,M06663_2.00,11,499,711,27655,0.10545657123245983,-0.22191741471609083,-0.21679697067693499,0.1439866407503642,True,A. thaliana,OMalley2016,ERF086,AP2,ERF
1010,M01949_2.00,6,499,472,27655,0.10596361052830269,-0.505323832374658,-0.492611528208238,0.14435592346790907,True,A. thaliana,Zoo_01,DOF5.4,Dof,.
1011,M02310_2.00,11,499,519,27655,0.10601465497062697,0.23219760654544344,0.22630770428960068,0.14435592346790907,True,A. thaliana,Zoo_01,PHL1,Myb/SANT,G2-like
1012,M06675_2.00,13,499,657,27655,0.10638736962689643,0.13304687408478952,0.12946923415243022,0.1444913288705499,True,A. thaliana,OMalley2016,ERF5,AP2,ERF
1013,M06591_2.00,12,499,749,27655,0.10642866386328605,-0.17150269147156785,-0.1668620670419936,0.1444913288705499,True,A. thaliana,OMalley2016,ERF118,AP2,ERF
1014,M06604_2.00,11,499,520,27655,0.10635802267711846,0.22942052187486997,0.22327887607532335,0.1444913288705499,True,A. thaliana,OMalley2016,ERF15,AP2,ERF
1015,M07067_2.00,14,499,809,27655,0.10705089854917778,-0.06028425410634642,-0.05850042391920077,0.14462366490271272,True,A. thaliana,OMalley2016,MYB83,Myb/SANT,R2R3-MYB
1016,M07054_2.00,10,499,662,27655,0.10695235941079742,-0.2564025956538283,-0.2489181090897759,0.14462366490271272,True,A. thaliana,OMalley2016,ASR3,Trihelix,.
1017,M02330_2.00,14,499,810,27655,0.1069657063488091,-0.06206645944835595,-0.06025135294126373,0.14462366490271272,True,Oryza sativa,Zoo_01,OS08G0157600,Myb/SANT,MYB-related
1018,M06939_2.00,14,499,809,27655,0.10705089854917778,-0.06028425410634642,-0.05850042391920077,0.14462366490271272,True,A. thaliana,OMalley2016,HSFA1E,HSF,.
1019,M08045_2.00,10,499,458,27655,0.1070261126279011,0.2750810230564454,0.26696895207383026,0.14462366490271272,True,A. thaliana,JASPAR,PIF3,bHLH,.
1020,M00977_2.00,9,499,397,27655,0.10734806861506442,0.3292865205653817,0.3191463940347496,0.14488309358624757,True,A. thaliana,Lindemose2014,NAC062,NAC/NAM,.
1021,M06888_2.00,14,499,755,27655,0.1079314990604087,0.03937880411118999,0.03807346728163963,0.1453857338272172,True,A. thaliana,OMalley2016,GATA1,GATA,.
1022,M07131_2.00,10,499,460,27655,0.10785539011503302,0.2687947602090141,0.25996704193385284,0.1453857338272172,True,A. thaliana,OMalley2016,MYB56,Myb/SANT,R2R3-MYB
1023,M07352_2.00,5,499,417,27655,0.10813989972407459,-0.5896187622912743,-0.5695800011306091,0.14552420099587382,True,A. thaliana,OMalley2016,AT5G08750,Unknown,.
1024,M06668_2.00,14,499,762,27655,0.10825033537844535,0.026064450830309113,0.025167071322285663,0.14553069478194897,True,A. thaliana,OMalley2016,ERF003,AP2,DREB
1025,M06967_2.00,14,499,777,27655,0.10848751667803853,-0.0020591500840790745,-0.00198629783153723,0.1455655287072416,True,A. thaliana,OMalley2016,GT-1,Trihelix,MADF
1026,M06607_2.00,13,499,669,27655,0.10847452164929305,0.10693403376565813,0.10315629563283034,0.1455655287072416,True,A. thaliana,OMalley2016,AT2G33710,AP2,ERF
1027,M07332_2.00,12,499,598,27655,0.1092346481499624,0.15331754278907797,0.14743621835360224,0.14593631965283488,True,A. thaliana,OMalley2016,FHA2,Unknown,.
1028,M07187_2.00,7,499,516,27655,0.1092024148590548,-0.4115156170996231,-0.3957824523199405,0.14593631965283488,True,A. thaliana,OMalley2016,NAC037,NAC/NAM,.
1029,M00979_2.00,7,499,282,27655,0.10908364920247066,0.4601602859248377,0.4427847908690715,0.14593631965283488,True,A. thaliana,Lindemose2014,NAC92,NAC/NAM,.
1030,M02271_2.00,11,499,529,27655,0.10929338307817532,0.20466442278929856,0.19676563079272338,0.14593631965283488,True,Oryza sativa,Zoo_01,OS02G0104500,Trihelix,MADF
1031,M06801_2.00,8,499,340,27655,0.1089970116635501,0.3829657801283251,0.3686372720250751,0.14593631965283488,True,A. thaliana,OMalley2016,STOP1,C2H2 ZF,.
1032,M06589_2.00,7,499,283,27655,0.10983987626026012,0.4550533954917487,0.43650540317555775,0.14647167849253712,True,A. thaliana,OMalley2016,DREB1E,AP2,DREB
1033,M07361_2.00,11,499,531,27655,0.10990690534200535,0.19922028409917064,0.19104727601350222,0.14647167849253712,True,A. thaliana,OMalley2016,ATMYB119,C2H2 ZF,.
1034,M06576_2.00,12,499,731,27655,0.11017219257299231,-0.1364083789652542,-0.13066940666094792,0.14668336363824483,True,A. thaliana,OMalley2016,ERF11,AP2,ERF
1035,M00975_2.00,10,499,651,27655,0.11046739987783079,-0.23222892201224618,-0.22218870615788303,0.14681266453457284,True,A. thaliana,Lindemose2014,NTL8,NAC/NAM,.
1036,M06586_2.00,12,499,728,27655,0.1107279264841949,-0.13047542321151312,-0.12470095057838544,0.14681266453457284,True,A. thaliana,OMalley2016,ERF8,AP2,ERF
1037,M07094_2.00,13,499,755,27655,0.11068446881760952,-0.06753639980532213,-0.06455894380780006,0.14681266453457284,True,A. thaliana,OMalley2016,MYB94,Myb/SANT,R2R3-MYB
1038,M06903_2.00,12,499,727,27655,0.11090855136465191,-0.12849233693241133,-0.12271467479033088,0.14681266453457284,True,A. thaliana,OMalley2016,ATHB-X,Homeodomain,HD-ZIP
1039,M07241_2.00,10,499,650,27655,0.11077642468178041,-0.23001109676242762,-0.21978771438706174,0.14681266453457284,True,A. thaliana,OMalley2016,NAC101,NAC/NAM,.
1040,M06773_2.00,8,499,343,27655,0.1108204278325001,0.3702919500932144,0.3537695890212835,0.14681266453457284,True,A. thaliana,OMalley2016,TGA6,bZIP,.
1041,M06800_2.00,12,499,607,27655,0.11115448397575749,0.13176651073150106,0.12571487192679762,0.14699700472033955,True,A. thaliana,OMalley2016,ZAT10,C2H2 ZF,.
1042,M01045_2.00,7,499,285,27655,0.11133811025349032,0.4448935292715271,0.42414198412384196,0.14709867299070917,True,A. thaliana,Stam_Arabidopsis,ERF14,AP2,ERF
1043,M06745_2.00,1,499,188,27655,0.11210362894988124,-1.7622321354116106,-1.6747907556805741,0.1471010632869725,True,A. thaliana,OMalley2016,AT1G06070,bZIP,.
1044,M02570_2.00,3,499,305,27655,0.11214931516738554,-0.8753462154630655,-0.8317569274074829,0.1471010632869725,True,O. tauri,Zoo_01,fgenesh1_pg.C_Chr_11.0001000193,WRKY,.
1045,M06579_2.00,11,499,687,27655,0.1117549565151131,-0.1723779539147759,-0.16405782273996522,0.1471010632869725,True,A. thaliana,OMalley2016,RAP2-6,AP2,ERF
1046,M01945_2.00,9,499,406,27655,0.11178574372964087,0.2969458005231631,0.28257765612492014,0.1471010632869725,True,A. thaliana,Zoo_01,DOF4.7,Dof,.
1047,M06819_2.00,13,499,729,27655,0.11230066660224607,-0.016978569919818057,-0.01612314993613378,0.1471010632869725,True,A. thaliana,OMalley2016,AT5G04390,C2H2 ZF,.
1048,M01673_2.00,6,499,229,27655,0.11183049341943804,0.5381154288902391,0.5119844139234554,0.1471010632869725,True,Brachypodium distachyon,Zoo_01,BRADI3G55950,AT hook,.
1049,M07367_2.00,13,499,731,27655,0.1122426453355157,-0.02093116154531819,-0.01988129857167571,0.1471010632869725,True,A. thaliana,OMalley2016,ZHD1,Homeodomain,HD-ZF
1050,M00849_2.00,2,499,249,27655,0.1114679728727481,-1.1676452158020543,-1.1125906233353169,0.1471010632869725,True,A. thaliana,Franco_Zorrilla2014,ERF109,AP2,ERF
1051,M07027_2.00,13,499,733,27655,0.11217324891809306,-0.02487295372669274,-0.023632059508705824,0.1471010632869725,True,A. thaliana,OMalley2016,MYB62,Myb/SANT,R2R3-MYB
1052,M07193_2.00,12,499,614,27655,0.11245713787278189,0.11522437161700384,0.10934942356708764,0.14716613104339357,True,A. thaliana,OMalley2016,NAC043,NAC/NAM,.
1053,M01066_2.00,2,499,248,27655,0.11261481077243457,-1.1618395941208484,-1.101893886075397,0.14723264634194955,True,A. thaliana,Stam_Arabidopsis,LBD30,LOB,.
1054,M02279_2.00,4,499,125,27655,0.11355812438853755,0.8265724316039399,0.780930580851951,0.14832520891697132,True,Manihot esculenta,Zoo_01,cassava13991.valid.m1,Trihelix,MADF
1055,M02019_2.00,2,499,247,27655,0.11376965656350996,-1.1560105153186508,-1.0912433533542014,0.14846078290200448,True,O. tauri,Zoo_01,fgenesh1_pg.C_Chr_07.0001000042,GATA,.
1056,M07089_2.00,12,499,707,27655,0.11400391417168466,-0.08824718782221565,-0.08322417884904536,0.14862572727396545,True,A. thaliana,OMalley2016,MYB30,Myb/SANT,R2R3-MYB
1057,M06896_2.00,12,499,706,27655,0.1141313994869589,-0.08620515628399722,-0.08125653699059916,0.14865129347167236,True,A. thaliana,OMalley2016,GATA12,GATA,.
1058,M07248_2.00,11,499,675,27655,0.11444731529435848,-0.14695535703486876,-0.13834294877417364,0.1489220023377016,True,A. thaliana,OMalley2016,NLP4,RWP-RK,.
1059,M06573_2.00,12,499,699,27655,0.11494640430208558,-0.07182942838825322,-0.06748407907372118,0.14893317615412827,True,A. thaliana,OMalley2016,ERF087,AP2,ERF
1060,M01047_2.00,7,499,290,27655,0.11499629856893502,0.41980254830869657,0.3943273084958605,0.14893317615412827,True,A. thaliana,Stam_Arabidopsis,ERF118,AP2,ERF
1061,M06753_2.00,6,499,232,27655,0.11460801085088886,0.5193382218596112,0.48858562207054873,0.14893317615412827,True,A. thaliana,OMalley2016,VIP1,bZIP,.
1062,M01633_2.00,7,499,290,27655,0.11499629856893502,0.41980254830869657,0.3943273084958605,0.14893317615412827,True,A. thaliana,Zoo_01,CRF3,AP2,ERF
1063,M01604_2.00,7,499,290,27655,0.11499629856893502,0.41980254830869657,0.3943273084958605,0.14893317615412827,True,A. thaliana,Zoo_01,ERF069,AP2,ERF
1064,M01689_2.00,11,499,669,27655,0.11566118957491037,-0.13407406573813654,-0.12560223996701786,0.14965363308378074,True,V. vinifera,Zoo_01,VIT_08s0007g04020,AT hook,.
1065,M06605_2.00,12,499,647,27655,0.11630822094977555,0.039697314994675555,0.03709275777040688,0.1500759740647694,True,A. thaliana,OMalley2016,ERF15,AP2,ERF
1066,M06570_2.00,12,499,685,27655,0.11615243776527774,-0.042640960860705776,-0.03986809042696997,0.1500759740647694,True,A. thaliana,OMalley2016,ERF012,AP2,DREB
1067,M07050_2.00,5,499,405,27655,0.116314325327412,-0.5474932866185979,-0.5115595469890215,0.1500759740647694,True,A. thaliana,OMalley2016,AtMYB81,Myb/SANT,R2R3-MYB
1068,M01847_2.00,3,499,79,27655,0.1164763209346054,1.0735384688100804,1.002429809468855,0.15014440621878974,True,O. tauri,Zoo_01,estExt_fgenesh1_pg.C_Chr_04.00010098,bZIP,.
1069,M02694_2.00,10,499,629,27655,0.11678780296215112,-0.18263139572589987,-0.17032249833796423,0.1502647922332813,True,A. thaliana,JASPAR,AGL1,MADS box,.
1070,M07109_2.00,12,499,657,27655,0.11673127761052435,0.017569656664853436,0.016389199945946623,0.1502647922332813,True,A. thaliana,OMalley2016,AtMYB41,Myb/SANT,R2R3-MYB
1071,M07172_2.00,9,499,588,27655,0.11721840625247534,-0.23739062712802494,-0.22101166798943936,0.1506781378879767,True,A. thaliana,OMalley2016,anac016,NAC/NAM,.
1072,M02004_2.00,6,499,235,27655,0.11733341973365881,0.5008022704221834,0.46603571114359454,0.15068541695524867,True,A. thaliana,Zoo_01,GATA7,GATA,.
1073,M01068_2.00,6,499,452,27655,0.1176614134246223,-0.4428597454280045,-0.4115787631073547,0.15090015247545227,True,A. thaliana,Stam_Arabidopsis,HRS1,Myb/SANT,G2-like
1074,M06724_2.00,8,499,544,27655,0.11771963999354948,-0.2951061249843123,-0.2741981731844293,0.15090015247545227,True,A. thaliana,OMalley2016,BHLH122,bHLH,.
1075,M06870_2.00,9,499,585,27655,0.1182131279514477,-0.23001109676242726,-0.2132971773302843,0.15139190549915885,True,A. thaliana,OMalley2016,E2FC,E2F,.
1076,M02500_2.00,4,499,128,27655,0.11837921075771524,0.792356716266027,0.7342964291064055,0.15146383697690957,True,A. thaliana,Zoo_01,TCP3,TCP,.
1077,M08431_2.00,7,499,295,27655,0.11852054602237343,0.3951404940744274,0.36598163728246685,0.1515040003885256,True,A. thaliana,JASPAR,BZR2,BES1,.
1078,M06606_2.00,11,499,647,27655,0.11926269440053036,-0.08583356708918317,-0.07926690293335918,0.1523113928488701,True,A. thaliana,OMalley2016,AT2G33710,AP2,ERF
1079,M07076_2.00,4,499,350,27655,0.11943768709254443,-0.658854395566302,-0.6080294551779827,0.15239364149400575,True,A. thaliana,OMalley2016,ATMYB65,Myb/SANT,R2R3-MYB
1080,M06574_2.00,11,499,641,27655,0.11999238897376072,-0.07239221171541674,-0.06666210031046345,0.1529597705881982,True,A. thaliana,OMalley2016,ERF087,AP2,ERF
1081,M01625_2.00,5,499,182,27655,0.12020265381046412,0.6064901709546929,0.5580230814450602,0.15308618941850236,True,A. thaliana,Zoo_01,DREB1A,AP2,DREB
1082,M07077_2.00,9,499,578,27655,0.12045124031487726,-0.2126439647923395,-0.1954599345807837,0.15326113495281707,True,A. thaliana,OMalley2016,ATMYB65,Myb/SANT,R2R3-MYB
1083,M02043_2.00,10,499,612,27655,0.12086404008344949,-0.14310303153926243,-0.13132606601528873,0.1535065866137431,True,A. thaliana,Zoo_01,ATHB-7,Homeodomain,HD-ZIP
1084,M07111_2.00,11,499,632,27655,0.12086694229021136,-0.051992413273778584,-0.04771304587766607,0.1535065866137431,True,A. thaliana,OMalley2016,PC-MYB1,Myb/SANT,MYB3R
1085,M07192_2.00,11,499,628,27655,0.1211678044384095,-0.042832413988302724,-0.03926073726575427,0.15374699310877374,True,A. thaliana,OMalley2016,NAC043,NAC/NAM,.
1086,M06701_2.00,11,499,596,27655,0.12149082320846852,0.03261981444116271,0.02986202198087307,0.1540150454289509,True,A. thaliana,OMalley2016,ARF5,B3,ARF
1087,M07130_2.00,11,499,610,27655,0.1218183733768188,-0.0008770975469243015,-0.0008019190636964628,0.15406285559989613,True,A. thaliana,OMalley2016,MYB56,Myb/SANT,R2R3-MYB
1088,M07235_2.00,11,499,612,27655,0.12180453737594939,-0.00559950778932742,-0.005119834540687719,0.15406285559989613,True,A. thaliana,OMalley2016,NAC92,NAC/NAM,.
1089,M06957_2.00,8,499,363,27655,0.12186394238308185,0.28853097827027613,0.26375331595438367,0.15406285559989613,True,A. thaliana,OMalley2016,LBD13,LOB,.
1090,M07108_2.00,10,499,606,27655,0.12210485209281367,-0.12888917231956176,-0.11771023780412564,0.1542259268413357,True,A. thaliana,OMalley2016,MYB98,Myb/SANT,R2R3-MYB
1091,M02508_2.00,3,499,82,27655,0.12352799344002086,1.0197672123690995,0.926187879579665,0.15545349311447373,True,A. lyrata,Zoo_01,TCP2,TCP,.
1092,M02513_2.00,3,499,82,27655,0.12352799344002086,1.0197672123690995,0.926187879579665,0.15545349311447373,True,Oryza sativa,Zoo_01,OsI_08196,TCP,.
1093,M02518_2.00,3,499,82,27655,0.12352799344002086,1.0197672123690995,0.926187879579665,0.15545349311447373,True,Lotus japonicus,Zoo_01,LjSGA_053525.1,TCP,.
1094,M02485_2.00,10,499,511,27655,0.123453843984548,0.11710533021576806,0.10638965181242038,0.15545349311447373,True,A. thaliana,Zoo_01,INO,YABBY,.
1095,M00881_2.00,8,499,372,27655,0.12612977956686422,0.2531979051579957,0.2276710907352094,0.15692845636182584,True,A. thaliana,Franco_Zorrilla2014,KAN4,Myb/SANT,G2-like
1096,M02519_2.00,4,499,133,27655,0.12624523693379489,0.7370742807648374,0.6624713061532023,0.15692845636182584,True,Lotus japonicus,Zoo_01,LjT20A21.20.nc,TCP,.
1097,M07021_2.00,10,499,527,27655,0.1259561817452296,0.07262565951617454,0.06534715318402728,0.15692845636182584,True,A. thaliana,OMalley2016,AtMYB93,Myb/SANT,R2R3-MYB
1098,M02505_2.00,4,499,133,27655,0.12624523693379489,0.7370742807648374,0.6624713061532023,0.15692845636182584,True,A. thaliana,Zoo_01,TCP5,TCP,.
1099,M01265_2.00,10,499,528,27655,0.1260734944984228,0.06989069179493591,0.06285802544824964,0.15692845636182584,True,C. sativa,TF_Evolution,PK26075.1,Trihelix,MADF
1100,M06612_2.00,10,499,520,27655,0.12500639373129302,0.09191699812493487,0.08300727884002274,0.15692845636182584,True,A. thaliana,OMalley2016,ERF13,AP2,ERF
1101,M00723_2.00,10,499,530,27655,0.12629438178901659,0.06443626170282768,0.05790345372456993,0.15692845636182584,True,A. thaliana,Chang2013,EIL3,EIN3,.
1102,M02510_2.00,4,499,133,27655,0.12624523693379489,0.7370742807648374,0.6624713061532023,0.15692845636182584,True,A. lyrata,Zoo_01,TCP5,TCP,.
1103,M02292_2.00,10,499,520,27655,0.12500639373129302,0.09191699812493487,0.08300727884002274,0.15692845636182584,True,A. thaliana,Zoo_01,PHL7,Myb/SANT,G2-like
1104,M07322_2.00,6,499,244,27655,0.12516017899421553,0.4465818794242969,0.403055251558702,0.15692845636182584,True,A. thaliana,OMalley2016,BEH4,BES1,.
1105,M10439_2.00,10,499,525,27655,0.12570779497120385,0.07811119859990447,0.07034989739551908,0.15692845636182584,True,Zea mays,Transfac,Dof3,Dof,.
1106,M07123_2.00,8,499,372,27655,0.12612977956686422,0.2531979051579957,0.2276710907352094,0.15692845636182584,True,A. thaliana,OMalley2016,MYB92,Myb/SANT,R2R3-MYB
1107,M02501_2.00,4,499,133,27655,0.12624523693379489,0.7370742807648374,0.6624713061532023,0.15692845636182584,True,A. thaliana,Zoo_01,TCP4,TCP,.
1108,M01313_2.00,4,499,133,27655,0.12624523693379489,0.7370742807648374,0.6624713061532023,0.15692845636182584,True,C. sativa,TF_Evolution,PK10344.1,TCP,.
1109,M06666_2.00,2,499,236,27655,0.1269923460281649,-1.0902863330958144,-0.9771390926534921,0.15724932465990762,True,A. thaliana,OMalley2016,RAP2-11,AP2,ERF
1110,M07028_2.00,10,499,574,27655,0.1266755493886389,-0.0506221155222984,-0.045423588915026875,0.15724932465990762,True,A. thaliana,OMalley2016,MYB62,Myb/SANT,R2R3-MYB
1111,M01076_2.00,5,499,188,27655,0.1270090699176177,0.5596959594757519,0.501580077442282,0.15724932465990762,True,A. thaliana,Stam_Arabidopsis,ATMYB65,Myb/SANT,R2R3-MYB
1112,M00970_2.00,3,499,290,27655,0.12678238361299402,-0.8025898730277513,-0.7198758334450441,0.15724932465990762,True,A. thaliana,Lindemose2014,NAC002,NAC/NAM,.
1113,M07152_2.00,9,499,447,27655,0.1272482716309101,0.15815069652502145,0.14159992688445563,0.1574040559312335,True,A. thaliana,OMalley2016,MYB99,Myb/SANT,R2R3-MYB
1114,M06723_2.00,8,499,518,27655,0.12759513847241355,-0.22445157142052707,-0.2006969351796551,0.1575502695474784,True,A. thaliana,OMalley2016,BHLH80,bHLH,.
1115,M06722_2.00,8,499,518,27655,0.12759513847241355,-0.22445157142052707,-0.2006969351796551,0.1575502695474784,True,A. thaliana,OMalley2016,BHLH80,bHLH,.
1116,M02047_2.00,9,499,449,27655,0.12778309736423749,0.15171008296719232,0.13555699296746293,0.157641099523652,True,A. thaliana,Zoo_01,HAT1,Homeodomain,HD-ZIP
1117,M01706_2.00,3,499,84,27655,0.12816826908935497,0.9850017942084229,0.8788377894011524,0.1579748432961817,True,A. thaliana,Zoo_01,BHLH104,bHLH,.
1118,M02295_2.00,5,499,387,27655,0.12863993046183472,-0.48190494499102093,-0.42919620772772393,0.1582730573003645,True,A. thaliana,Zoo_01,PHL6,Myb/SANT,G2-like
1119,M06566_2.00,9,499,452,27655,0.1285451398554346,0.14210275529315175,0.12660564536879862,0.1582730573003645,True,A. thaliana,OMalley2016,ERF027,AP2,DREB
1120,M02297_2.00,9,499,453,27655,0.128788402328364,0.1389144776621044,0.12365100554575233,0.15831437859811381,True,A. thaliana,Zoo_01,ARR1,Myb/SANT,ARR-B
1121,M01769_2.00,5,499,190,27655,0.12921006637760565,0.5444292028224414,0.4838362199395017,0.15869115104130177,True,O. tauri,Zoo_01,fgenesh1_pg.C_Chr_14.0001000151,bHLH,.
1122,M06655_2.00,9,499,540,27655,0.13009142464836582,-0.11453387934249147,-0.10144853598846314,0.15963132962194845,True,A. thaliana,OMalley2016,DREB2A,AP2,DREB
1123,M01603_2.00,8,499,382,27655,0.13030625301457044,0.21492788823027817,0.19021864838145586,0.15975268385594132,True,A. thaliana,Zoo_01,WIN1,AP2,DREB
1124,M07323_2.00,7,499,314,27655,0.130515115559196,0.3050908894320041,0.2698038293533386,0.15986651488050854,True,A. thaliana,OMalley2016,BEH4,BES1,.
1125,M07095_2.00,5,499,384,27655,0.13067937491927234,-0.47067768956776695,-0.41598162449621745,0.15992555829374536,True,A. thaliana,OMalley2016,F3A4.140,Myb/SANT,R2R3-MYB
1126,M02382_2.00,6,499,251,27655,0.13084122821804045,0.4057756630364112,0.3584035406019116,0.15998155499952063,True,P. patens,Zoo_01,e_gw1.327.11.1,NAC/NAM,.
1127,M01697_2.00,7,499,315,27655,0.13107937728703614,0.3005036199363523,0.26518411642511774,0.1601306577141275,True,A. thaliana,Zoo_01,ARF8,B3,ARF
1128,M07049_2.00,6,499,427,27655,0.13182473308069892,-0.3607730426333071,-0.31748139568176204,0.1606283448151451,True,A. thaliana,OMalley2016,AtMYB81,Myb/SANT,R2R3-MYB
1129,2.ANT-MEME,3,499,285,27655,0.1318364716879021,-0.7774988920649207,-0.6841713681565197,0.1606283448151451,True,.,.,2.ANT-MEME,.,.
1130,M06619_2.00,7,499,316,27655,0.1316365227539395,0.2959308901465281,0.2606037253398954,0.1606283448151451,True,A. thaliana,OMalley2016,AT3G16280,AP2,DREB
1131,M06648_2.00,7,499,468,27655,0.13201224193379463,-0.2706530812597735,-0.23800847458799856,0.160700414650856,True,A. thaliana,OMalley2016,ERF054,AP2,DREB
1132,M06600_2.00,7,499,317,27655,0.13218650129140783,0.29137260818422406,0.2560620044937941,0.16077051966421887,True,A. thaliana,OMalley2016,ERF037,AP2,DREB
1133,M01082_2.00,7,499,318,27655,0.13272926378082212,0.2868286830392757,0.2515583105889979,0.1612882940828685,True,A. thaliana,Stam_Arabidopsis,MYB44,Myb/SANT,R2R3-MYB
1134,M06678_2.00,6,499,254,27655,0.1331565121158844,0.3886345302150172,0.3403030031246436,0.16166491074510017,True,A. thaliana,OMalley2016,DREB1D,AP2,DREB
1135,M07356_2.00,9,499,481,27655,0.13340669853737533,0.052388633938297395,0.04583074855390604,0.16182608326100634,True,A. thaliana,OMalley2016,BMY2,BES1,.
1136,M07165_2.00,9,499,514,27655,0.13356996434398474,-0.04334283148553852,-0.03789425571575587,0.16188162785049337,True,A. thaliana,OMalley2016,NAC007,NAC/NAM,.
1137,M07228_2.00,9,499,490,27655,0.1340005036641807,0.02564377870576875,0.022384289523813588,0.16211825640846445,True,A. thaliana,OMalley2016,NAC079,NAC/NAM,.
1138,M07253_2.00,6,499,255,27655,0.13391161582747177,0.3829657801283251,0.3343987299170216,0.16211825640846445,True,A. thaliana,OMalley2016,SPL14,SBP,.
1139,M00883_2.00,9,499,499,27655,0.1341747143985728,-0.0006142876289211629,-0.0005358611099098569,0.1621866284572222,True,A. thaliana,Franco_Zorrilla2014,MYB59,Myb/SANT,R2R3-MYB
1140,M07155_2.00,7,499,462,27655,0.1344973060291908,-0.2520374030924264,-0.21959676525018298,0.16243408212815505,True,A. thaliana,OMalley2016,MYB44,Myb/SANT,R2R3-MYB
1141,M07007_2.00,7,499,322,27655,0.1348272239176092,0.2687947602090144,0.2339112233466387,0.16268994269567907,True,A. thaliana,OMalley2016,MYB52,Myb/SANT,R2R3-MYB
1142,M07263_2.00,6,499,257,27655,0.13539628561900088,0.3716946677933051,0.32277714044759254,0.1630909804047056,True,A. thaliana,OMalley2016,SPL15,SBP,.
1143,M06602_2.00,7,499,323,27655,0.1353332224204075,0.2643212836297061,0.22958829788629045,0.1630909804047056,True,A. thaliana,OMalley2016,ERF008,AP2,DREB
1144,M02569_2.00,8,499,398,27655,0.13568934669605745,0.15573209572237812,0.1350904680666164,0.16330123995385779,True,O. tauri,Zoo_01,700010421,WRKY,.
1145,M07230_2.00,8,499,489,27655,0.13617489979780456,-0.14133393868620697,-0.12238147241163183,0.16374259329962887,True,A. thaliana,OMalley2016,NAC083,NAC/NAM,.
1146,M01315_2.00,5,499,197,27655,0.13661567393326926,0.49223299169701307,0.4255351609977642,0.1640836649003225,True,C. sativa,TF_Evolution,PK12736.1,TCP,.
1147,M02568_2.00,4,499,329,27655,0.13676003185723914,-0.5695870574692146,-0.4921464606271271,0.1640836649003225,True,A. thaliana,Zoo_01,WRKY51,WRKY,.
1148,M07273_2.00,4,499,140,27655,0.13681576993502942,0.6630736993210603,0.5728053928973706,0.1640836649003225,True,A. thaliana,OMalley2016,TCP24,TCP,.
1149,M01999_2.00,8,499,405,27655,0.13752698148755976,0.1305786184940397,0.11250811626225363,0.1647932004259629,True,A. thaliana,Zoo_01,GATA6,GATA,.
1150,M02704_2.00,5,499,372,27655,0.1387217955808897,-0.4248739999546419,-0.36448041202634524,0.16608048159032668,True,Petunia x hybrida,JASPAR,myb.Ph3,Myb/SANT,R2R3-MYB
1151,M02220_2.00,8,499,416,27655,0.13977166180230427,0.09191699812493487,0.0785505083446266,0.16704713786953623,True,P. patens,Zoo_01,estExt_gwp_gw1.C_70211,Homeodomain,HD-ZIP
1152,M06578_2.00,8,499,471,27655,0.13975443790838663,-0.08722653334675622,-0.0745467953089474,0.16704713786953623,True,A. thaliana,OMalley2016,ERF055,AP2,DREB
1153,M02560_2.00,4,499,325,27655,0.14007632889288255,-0.55193919164979,-0.47115474914448047,0.1672661882273762,True,A. thaliana,Zoo_01,WRKY18,WRKY,.
1154,M07264_2.00,6,499,264,27655,0.1403156568170758,0.33292509762872957,0.283949773759327,0.16740690484322984,True,A. thaliana,OMalley2016,SPL15,SBP,.
1155,M11070_2.00,8,499,466,27655,0.14046921114922248,-0.07182942838825339,-0.0612287592093437,0.167445132321478,True,Petunia x hybrida,Transfac,myb.Ph3,Myb/SANT,R2R3-MYB
1156,M00842_2.00,5,499,201,27655,0.14062257922619734,0.4632331199744607,0.39464911293810173,0.1674830718873811,True,A. thaliana,Franco_Zorrilla2014,ERF018,AP2,DREB
1157,M06654_2.00,8,499,427,27655,0.14123527286568754,0.05426445664553649,0.04612787181709922,0.16784578473797893,True,A. thaliana,OMalley2016,ERF109,AP2,ERF
1158,M07259_2.00,6,499,266,27655,0.1416395192722467,0.3220367814859936,0.27334982970268584,0.16784578473797893,True,A. thaliana,OMalley2016,SPL1,SBP,.
1159,M00870_2.00,8,499,460,27655,0.1411540168858219,-0.05313333467834835,-0.04517963357440107,0.16784578473797893,True,A. thaliana,Franco_Zorrilla2014,LBD16,LOB,.
1160,M01065_2.00,8,499,437,27655,0.1419015524091041,0.02086724676542829,0.017695693470403503,0.16784578473797893,True,A. thaliana,Stam_Arabidopsis,ATHB-4,Homeodomain,HD-ZIP
1161,M06786_2.00,7,499,337,27655,0.14161641428622002,0.20310685714177282,0.1724146500141536,0.16784578473797893,True,A. thaliana,OMalley2016,TGA2,bZIP,.
1162,M02290_2.00,6,499,408,27655,0.1417077234414522,-0.29510612498431255,-0.25042896963144634,0.16784578473797893,True,A. thaliana,Zoo_01,HHO2,Myb/SANT,G2-like
1163,M02280_2.00,8,499,435,27655,0.1418180124394201,0.02748512552993648,0.023314769105222885,0.16784578473797893,True,Malus domestica,Zoo_01,MDP0000164819,Trihelix,MADF
1164,M01944_2.00,7,499,337,27655,0.14161641428622002,0.20310685714177282,0.1724146500141536,0.16784578473797893,True,A. thaliana,Zoo_01,CDF3,Dof,.
1165,M02000_2.00,7,499,339,27655,0.1423894007922769,0.19457017518728711,0.16470799952414567,0.16821611778388817,True,A. thaliana,Zoo_01,GATA8,GATA,.
1166,M07274_2.00,4,499,144,27655,0.1425808603567354,0.6224317148237143,0.5265391186305396,0.16821611778388817,True,A. thaliana,OMalley2016,TCP3,TCP,.
1167,M01128_2.00,4,499,144,27655,0.1425808603567354,0.6224317148237143,0.5265391186305396,0.16821611778388817,True,C. sativa,TF_Evolution,PK20225.1,bHLH,.
1168,M02549_2.00,6,499,268,27655,0.14292606939112362,0.3112300265294107,0.26295468572342673,0.16833514839399003,True,A. thaliana,Zoo_01,WRKY15,WRKY,.
1169,M06954_2.00,6,499,268,27655,0.14292606939112362,0.3112300265294107,0.26295468572342673,0.16833514839399003,True,A. thaliana,OMalley2016,LBD2,LOB,.
1170,M02042_2.00,7,499,436,27655,0.14371521850831756,-0.16847268645329533,-0.14193777343069713,0.16905433668918546,True,A. thaliana,Zoo_01,ATHB-4,Homeodomain,HD-ZIP
1171,M06768_2.00,2,499,223,27655,0.14378206284450315,-1.008543183654278,-0.849491173199342,0.16905433668918546,True,A. thaliana,OMalley2016,BZIP18,bZIP,.
1172,M02551_2.00,3,499,273,27655,0.1442360289151538,-0.7154379239326694,-0.601630525509617,0.1694435190495157,True,A. thaliana,Zoo_01,WRKY60,WRKY,.
1173,M06656_2.00,6,499,402,27655,0.14458459384600147,-0.2737324741917454,-0.22990187766312287,0.1697083222485435,True,A. thaliana,OMalley2016,DREB2A,AP2,DREB
1174,M02155_2.00,5,499,206,27655,0.14538230938063237,0.4277842839701711,0.3582643912304499,0.17049942325660547,True,Oryza sativa,Zoo_01,ZHD7,Homeodomain,HD-ZF
1175,M02044_2.00,7,499,349,27655,0.14577723834063508,0.15262841211397873,0.12764471029522292,0.1708172061508462,True,A. thaliana,Zoo_01,HAT3.1,Homeodomain,HD-PHD
1176,M02002_2.00,7,499,428,27655,0.14593982025103922,-0.1417553480775158,-0.11848283291936298,0.17086242336952595,True,A. thaliana,Zoo_01,GATA9,GATA,.
1177,M06640_2.00,5,499,207,27655,0.14629967058203902,0.4207978536540641,0.3512638073838965,0.17113832433111187,True,A. thaliana,OMalley2016,DREB1C,AP2,DREB
1178,M02296_2.00,6,499,274,27655,0.14655712248925934,0.2792871340266564,0.23292353447330386,0.1712940753097535,True,A. thaliana,Zoo_01,ARR1,Myb/SANT,ARR-B
1179,M01671_2.00,6,499,397,27655,0.14687212816302883,-0.2556759801557746,-0.21299358855287504,0.17151677339716417,True,A. thaliana,Zoo_01,HMGA,AT hook,.
1180,M07288_2.00,5,499,208,27655,0.14720520428609038,0.41384509301229727,0.34435091546354524,0.1717601790907981,True,A. thaliana,OMalley2016,TCP16,TCP,.
1181,M06644_2.00,6,499,276,27655,0.1476898872026339,0.2687947602090141,0.22327416360549676,0.17217991925992343,True,A. thaliana,OMalley2016,DREB1B,AP2,DREB
1182,M02482_2.00,3,499,93,27655,0.1482363078883411,0.838160405879152,0.6948730377549461,0.1725250272551808,True,C. sativa,Zoo_01,PK06791.1,SBP,.
1183,M01277_2.00,3,499,93,27655,0.1482363078883411,0.838160405879152,0.6948730377549461,0.1725250272551808,True,C. sativa,TF_Evolution,PK07741.1,Myb/SANT,R2R3-MYB
1184,M01630_2.00,7,499,360,27655,0.14857997378594914,0.10785854199395654,0.08931115719381028,0.17277907500171977,True,A. thaliana,Zoo_01,ERF096,AP2,ERF
1185,M01097_2.00,6,499,278,27655,0.14878325750835467,0.2583781442636758,0.21379394566530266,0.1728695858739568,True,C. sativa,TF_Evolution,PK07402.1,AP2,DREB
1186,M00847_2.00,6,499,279,27655,0.14931507269597635,0.2531979051579957,0.2091152256863896,0.1733413396588504,True,A. thaliana,Franco_Zorrilla2014,RAP2-3,AP2,ERF
1187,M01443_2.00,6,499,391,27655,0.14947101932134693,-0.2337055803201691,-0.1929106362212672,0.17337631702425596,True,A. thaliana,TFs_NonAnimalZFs,YY1,C2H2 ZF,.
1188,1.CBF2-MEME1,5,499,211,27655,0.14984966226162688,0.39318562244620436,0.3241202997923243,0.17356730100432205,True,.,.,1.CBF2-MEME1,.,.
1189,M06963_2.00,6,499,390,27655,0.14988758214451614,-0.23001109676242745,-0.18958304591295194,0.17356730100432205,True,A. thaliana,OMalley2016,LBD18,LOB,.
1190,M01090_2.00,5,499,212,27655,0.15070672863674817,0.3863643565901901,0.3175402526710825,0.1740365229512004,True,A. thaliana,Stam_Arabidopsis,WRKY53,WRKY,.
1191,M01700_2.00,4,499,150,27655,0.15079797416816637,0.563538025770146,0.4630053738213191,0.1740365229512004,True,A. thaliana,Zoo_01,BPE,bHLH,.
1192,M06567_2.00,5,499,353,27655,0.15079639158238956,-0.34923956211779106,-0.28693838506549413,0.1740365229512004,True,A. thaliana,OMalley2016,ERF027,AP2,DREB
1193,1.CBF1-MEME1,5,499,212,27655,0.15070672863674817,0.3863643565901901,0.3175402526710825,0.1740365229512004,True,.,.,1.CBF1-MEME1,.,.
1194,M01284_2.00,7,499,381,27655,0.15127794426623992,0.026064450830309113,0.02137869817354793,0.17429850100240685,True,C. sativa,TF_Evolution,PK27213.1,Myb/SANT,MYB-related
1195,M06687_2.00,7,499,394,27655,0.15127754922801628,-0.02234018113274521,-0.01832398668413019,0.17429850100240685,True,A. thaliana,OMalley2016,AT5G65130,AP2,DREB
1196,M00978_2.00,5,499,213,27655,0.1515514095743268,0.37957519092755104,0.3110391020147655,0.17446770458932526,True,A. thaliana,Lindemose2014,NAC066,NAC/NAM,.
1197,M02352_2.00,4,499,310,27655,0.15237810599386814,-0.48376768900821077,-0.39527565949879845,0.1752729800163191,True,C. sativa,Zoo_01,PK14402.1,Myb/SANT,G2-like
1198,M02533_2.00,4,499,152,27655,0.15341314484006213,0.5444292028224412,0.4432401905350656,0.17631212224984033,True,O. tauri,Zoo_01,fgenesh1_pg.C_Chr_09.0001000301,TCR/CxC,.
1199,M06659_2.00,1,499,163,27655,0.1535374068939103,-1.5563714379650506,-1.2665529734116712,0.17631212224984033,True,A. thaliana,OMalley2016,AIL6,AP2,ANT
1200,M02273_2.00,3,499,263,27655,0.15475478688730113,-0.6615997723051192,-0.5361312845290863,0.17756211184904325,True,Oryza sativa,Zoo_01,OS04G0486400,Trihelix,MADF
1201,M07015_2.00,6,499,372,27655,0.1564637557280249,-0.16183959412084806,-0.1303757516059756,0.17907562740300526,True,A. thaliana,OMalley2016,MYB116,Myb/SANT,R2R3-MYB
1202,M00731_2.00,6,499,295,27655,0.15645241135539814,0.1727480727379796,0.1391689117432994,0.17907562740300526,True,A. thaliana,Chang2013,WRKY14,WRKY,.
1203,M02045_2.00,4,499,305,27655,0.1563868015022351,-0.4603087161842218,-0.3709167186953631,0.17907562740300526,True,A. thaliana,Zoo_01,ATHB-12,Homeodomain,HD-ZIP
1204,M01264_2.00,6,499,296,27655,0.15681191431153244,0.16786585135823354,0.13506837968736096,0.17932516010065702,True,C. sativa,TF_Evolution,PK20543.1,Trihelix,MADF
1205,M01612_2.00,5,499,220,27655,0.15710955959176606,0.33292509762872957,0.2676043241359259,0.17951656145725842,True,A. thaliana,Zoo_01,RAP2-4,AP2,DREB
1206,M02650_2.00,5,499,221,27655,0.157851924516777,0.3263822517619579,0.26167700914373826,0.17991724729869205,True,A. thaliana,JASPAR,RAV1,AP2,B3
1207,M09749_2.00,5,499,221,27655,0.157851924516777,0.3263822517619579,0.26167700914373826,0.17991724729869205,True,A. thaliana,Transfac,RAV1,AP2,B3
1208,M09705_2.00,5,499,221,27655,0.157851924516777,0.3263822517619579,0.26167700914373826,0.17991724729869205,True,A. thaliana,Transfac,ANT,AP2,ANT
1209,M02564_2.00,5,499,339,27655,0.15885221478062062,-0.2908566519829547,-0.2323964211456496,0.1808253561385705,True,A. thaliana,Zoo_01,WRKY8,WRKY,.
1210,M01473_2.00,2,499,48,27655,0.15903498749963182,1.2073942155448707,0.964113120351259,0.1808253561385705,True,P. patens,TFs_NonAnimalZFs,fgenesh1_pg.scaffold_191000049,C2H2 ZF,.
1211,M01613_2.00,6,499,303,27655,0.15904233065308232,0.1341452335142322,0.10711326110731628,0.1808253561385705,True,A. thaliana,Zoo_01,AT2G33710,AP2,ERF
1212,M06681_2.00,5,499,338,27655,0.15939169756384428,-0.28659462512879513,-0.22856904488068042,0.1810731733247959,True,A. thaliana,OMalley2016,ERF025,AP2,DREB
1213,M02354_2.00,2,499,211,27655,0.1602550598675704,-0.9287424724411583,-0.7385251006630343,0.18190401358938388,True,C. sativa,Zoo_01,PK19779.1,Myb/SANT,G2-like
1214,M07257_2.00,6,499,310,27655,0.1607746700639228,0.10119481171294571,0.0803266577755776,0.18214027174279313,True,A. thaliana,OMalley2016,SPL9,SBP,.
1215,M01063_2.00,3,499,99,27655,0.1606760654812615,0.7479625969075736,0.5939188111193117,0.18214027174279313,True,A. thaliana,Stam_Arabidopsis,DOF5.6,Dof,.
1216,M00721_2.00,4,499,158,27655,0.16085973201087028,0.4885759680889239,0.3877107586780922,0.18214027174279313,True,A. thaliana,Chang2013,ERF5,AP2,ERF
1217,M02682_2.00,6,499,315,27655,0.16171077184133462,0.07811119859990447,0.061806349021255536,0.18235470016150498,True,A. thaliana,JASPAR,ATHB-9,Homeodomain,HD-ZIP
1218,M10623_2.00,6,499,315,27655,0.16171077184133462,0.07811119859990447,0.061806349021255536,0.18235470016150498,True,A. thaliana,Transfac,ATHB-9,Homeodomain,HD-ZIP
1219,M02341_2.00,6,499,313,27655,0.16136619698827706,0.08730037005456484,0.06915825632850948,0.18235470016150498,True,P. patens,Zoo_01,e_gw1.362.4.1,Myb/SANT,ARR-B
1220,M02272_2.00,6,499,351,27655,0.1615028905216207,-0.07800800331737753,-0.06176827381668098,0.18235470016150498,True,Oryza sativa,Zoo_01,OS02G0104500,Trihelix,MADF
1221,M11061_2.00,2,499,210,27655,0.16166361205450958,-0.9218888014000959,-0.7295714784548071,0.18235470016150498,True,Hordeum vulgare,Transfac,Gam1,Myb/SANT,R2R3-MYB
1222,M06631_2.00,6,499,348,27655,0.16195315117218603,-0.06562427886154526,-0.05188325031273591,0.18247869363472802,True,A. thaliana,OMalley2016,ERF035,AP2,DREB
1223,M07360_2.00,6,499,321,27655,0.1625084812774676,0.05088972986487996,0.0401583055803516,0.1828054589390615,True,A. thaliana,OMalley2016,ATMYB119,C2H2 ZF,.
1224,M06953_2.00,6,499,321,27655,0.1625084812774676,0.05088972986487996,0.0401583055803516,0.1828054589390615,True,A. thaliana,OMalley2016,LBD2,LOB,.
1225,M06641_2.00,6,499,330,27655,0.16305656083500789,0.010997002741367305,0.008661918116001893,0.18282501288091202,True,A. thaliana,OMalley2016,DREB1A,AP2,DREB
1226,M01312_2.00,2,499,49,27655,0.1628175455448508,1.1776468721508189,0.9283376119968917,0.18282501288091202,True,Oryza sativa,TF_Evolution,TB1,TCP,.
1227,M06669_2.00,6,499,323,27655,0.16269671825819756,0.041928862293258304,0.03306598999371253,0.18282501288091202,True,A. thaliana,OMalley2016,TINY,AP2,DREB
1228,M06680_2.00,6,499,336,27655,0.16300450672485325,-0.01499820579157703,-0.011815592343700353,0.18282501288091202,True,A. thaliana,OMalley2016,ERF025,AP2,DREB
1229,M08106_2.00,1,499,157,27655,0.16502687677114242,-1.5022640326256,-1.1754394610208128,0.18485914382520327,True,A. thaliana,JASPAR,E2FA,E2F,.
1230,M01095_2.00,5,499,232,27655,0.16513904647955385,0.2563038160258174,0.20046808798017932,0.18485914382520327,True,C. sativa,TF_Evolution,PK02330.1,AP2,ERF
1231,M01324_2.00,2,499,207,27655,0.16591765515195325,-0.9011302412332985,-0.7029783683084531,0.1854294637464652,True,C. sativa,TF_Evolution,PK05432.1,WRKY,.
1232,M02701_2.00,2,499,207,27655,0.16591765515195325,-0.9011302412332985,-0.7029783683084531,0.1854294637464652,True,A. thaliana,JASPAR,F3A4.140,Myb/SANT,R2R3-MYB
1233,M01843_2.00,4,499,164,27655,0.16767411389480247,0.4348047116479431,0.33720582858691717,0.18724062313374212,True,O. tauri,Zoo_01,100010379,bZIP,.
1234,M06689_2.00,4,499,290,27655,0.1679170624613817,-0.38755237374890766,-0.30031633880033365,0.18736009074638377,True,A. thaliana,OMalley2016,AIL7,AP2,ANT
1235,M01998_2.00,2,499,205,27655,0.16877566612963332,-0.887123383239419,-0.6854715171384913,0.18801363615734415,True,A. thaliana,Zoo_01,GATA1,GATA,.
1236,M10436_2.00,4,499,289,27655,0.16865155778680155,-0.38256896623465203,-0.29572950001223186,0.18801363615734415,True,Zea mays,Transfac,Dof2,Dof,.
1237,M07186_2.00,5,499,239,27655,0.1689217019412371,0.21341800317264076,0.16482582941650575,0.18802431766964842,True,A. thaliana,OMalley2016,NAC035,NAC/NAM,.
1238,M01263_2.00,5,499,317,27655,0.1693130921017002,-0.19405421898601785,-0.14967585463499533,0.18830786191779086,True,C. sativa,TF_Evolution,PK15172.1,Trihelix,MADF
1239,M00726_2.00,3,499,249,27655,0.16949952783078637,-0.5826827150808978,-0.44915019551954566,0.1883631849603416,True,P. patens,Chang2013,e_gw1.87.73.1,EIN3,.
1240,M02141_2.00,5,499,241,27655,0.16987913220169912,0.20139547492342763,0.15504631351623205,0.18848103395647453,True,Medicago truncatula,Zoo_01,MTR_2g038000,Homeodomain,HD-PHD
1241,M02563_2.00,5,499,241,27655,0.16987913220169912,0.20139547492342763,0.15504631351623205,0.18848103395647453,True,A. thaliana,Zoo_01,WRKY30,WRKY,.
1242,M00841_2.00,5,499,314,27655,0.17047750965462155,-0.18033593773823778,-0.1385580353595244,0.18899276613360297,True,A. thaliana,Franco_Zorrilla2014,RAP2-6,AP2,ERF
1243,M06643_2.00,5,499,244,27655,0.17121245903487722,0.18354747359050289,0.1406826473768545,0.18965495864152798,True,A. thaliana,OMalley2016,DREB1B,AP2,DREB
1244,M00981_2.00,5,499,247,27655,0.17242264841642713,0.16591757956871175,0.12666242405114747,0.19068893219730063,True,A. thaliana,Lindemose2014,VOZ2,VOZ,.
1245,M00898_2.00,5,499,247,27655,0.17242264841642713,0.16591757956871175,0.12666242405114747,0.19068893219730063,True,A. thaliana,Franco_Zorrilla2014,WRKY12,WRKY,.
1246,M00851_2.00,4,499,169,27655,0.17284456725150768,0.39147727998384246,0.29844045981961415,0.19080844611956646,True,A. thaliana,Franco_Zorrilla2014,TOE2,AP2,AP2
1247,M01310_2.00,4,499,283,27655,0.1729461169835548,-0.35230152656585545,-0.2684851830419571,0.19080844611956646,True,C. sativa,TF_Evolution,PK20442.1,Storekeeper,.
1248,M01606_2.00,5,499,248,27655,0.17279875984039095,0.1600885007665139,0.12206097883697122,0.19080844611956646,True,A. thaliana,Zoo_01,ERF11,AP2,ERF
1249,M07265_2.00,5,499,252,27655,0.17416744035744763,0.1370048876534728,0.10399123509618073,0.19154248428775963,True,A. thaliana,OMalley2016,SPL13A,SBP,.
1250,M07180_2.00,5,499,303,27655,0.17410474522876357,-0.12888917231956176,-0.09785129237066237,0.19154248428775963,True,A. thaliana,OMalley2016,NAC029,NAC/NAM,.
1251,M00852_2.00,3,499,106,27655,0.17402912369251486,0.649398762423984,0.4931391766988128,0.19154248428775963,True,A. thaliana,Franco_Zorrilla2014,ARF3,B3,ARF
1252,M02293_2.00,5,499,304,27655,0.17381913525857223,-0.1336427022901963,-0.10155541221749366,0.19154248428775963,True,A. thaliana,Zoo_01,ARR14,Myb/SANT,ARR-B
1253,M01608_2.00,5,499,299,27655,0.1751533627677724,-0.10971686304471576,-0.08300975103949285,0.19247315302551066,True,A. thaliana,Zoo_01,ERF8,AP2,ERF
1254,1.CBF3-MEME1,2,499,200,27655,0.17598703981143304,-0.8514994735086978,-0.6424727983635063,0.1928396419798938,True,.,.,1.CBF3-MEME1,.,.
1255,M00901_2.00,5,499,295,27655,0.1760466397755489,-0.0902863330958143,-0.06810950513993642,0.1928396419798938,True,A. thaliana,Franco_Zorrilla2014,WRKY38,WRKY,.
1256,M07340_2.00,2,499,200,27655,0.17598703981143304,-0.8514994735086978,-0.6424727983635063,0.1928396419798938,True,A. thaliana,OMalley2016,AT3G51470,Unknown,.
1257,M01278_2.00,4,499,172,27655,0.17571822235683204,0.36609196156392904,0.27646649862518213,0.1928396419798938,True,C. sativa,TF_Evolution,PK07924.1,Myb/SANT,ARR-B
1258,M01098_2.00,5,499,294,27655,0.17624488137920785,-0.08538753368297508,-0.06437225165820107,0.1929034523753363,True,C. sativa,TF_Evolution,PK08602.1,AP2,DREB
1259,M06623_2.00,5,499,264,27655,0.17699078691788225,0.06989069179493591,0.052561248624214144,0.192953563586109,True,A. thaliana,OMalley2016,PLT1,AP2,ANT
1260,M01071_2.00,4,499,173,27655,0.17663744055096975,0.35772848862930223,0.2693399451708133,0.192953563586109,True,A. thaliana,Stam_Arabidopsis,AtMYB70,Myb/SANT,R2R3-MYB
1261,M01710_2.00,5,499,264,27655,0.17699078691788225,0.06989069179493591,0.052561248624214144,0.192953563586109,True,A. thaliana,Zoo_01,BIM1,bHLH,.
1262,M01279_2.00,5,499,263,27655,0.17682768088565948,0.07536582186108698,0.05670899373155324,0.192953563586109,True,C. sativa,TF_Evolution,PK12011.1,Myb/SANT,MYB3R
1263,M02328_2.00,3,499,242,27655,0.17675824235157486,-0.5415440202874111,-0.4075770368891385,0.192953563586109,True,Oryza sativa,Zoo_01,NIGT1,Myb/SANT,G2-like
1264,M01100_2.00,5,499,276,27655,0.1779639201299495,0.00576035437522032,0.004318353553004383,0.1930993377683211,True,C. sativa,TF_Evolution,PK19363.1,AP2,ERF
1265,M01258_2.00,5,499,285,27655,0.1775557635265776,-0.04053329789871465,-0.030426937218423773,0.1930993377683211,True,A. thaliana,TF_Evolution,AT3G10030,Trihelix,MADF
1266,M07313_2.00,5,499,268,27655,0.17751514187177916,0.048195620695616885,0.03618356570653936,0.1930993377683211,True,A. thaliana,OMalley2016,AT1G68200,C3H,.
1267,M07073_2.00,5,499,267,27655,0.1774031295834781,0.053588879465835314,0.04024732360163053,0.1930993377683211,True,A. thaliana,OMalley2016,AT3G10580,Myb/SANT,MYB-related
1268,M07043_2.00,3,499,241,27655,0.17778365440211988,-0.5355701192427783,-0.40173552257518735,0.1930993377683211,True,A. thaliana,OMalley2016,MYB88,Myb/SANT,R2R3-MYB
1269,M02558_2.00,5,499,277,27655,0.17796528226833658,0.0005426451042010079,0.00040680188588983847,0.1930993377683211,True,A. thaliana,Zoo_01,WRKY29,WRKY,.
1270,M02302_2.00,4,499,275,27655,0.1783286536832438,-0.3109310921459952,-0.2328186315705579,0.19334137275807237,True,A. thaliana,Zoo_01,PHR1,Myb/SANT,G2-like
1271,M01614_2.00,2,499,197,27655,0.18035139227270863,-0.8296951031903494,-0.617194008769409,0.19538067496210101,True,A. thaliana,Zoo_01,ERF024,AP2,DREB
1272,M01153_2.00,4,499,178,27655,0.18094043771501864,0.3166232852996292,0.2350815059612327,0.19571108569175485,True,C. sativa,TF_Evolution,PK00315.1,bZIP,.
1273,M01309_2.00,3,499,238,27655,0.18083815080806942,-0.5174985463207605,-0.38435131561728725,0.19571108569175485,True,A. thaliana,TF_Evolution,AT3G04930,Storekeeper,.
1274,M00859_2.00,4,499,267,27655,0.18324230007765602,-0.26833921542152694,-0.19775909620334958,0.1980454035349098,True,A. thaliana,Franco_Zorrilla2014,AT4G35610,C2H2 ZF,.
1275,M02294_2.00,3,499,235,27655,0.18385560455519584,-0.4991977295778166,-0.36717147494770364,0.19855252592246073,True,A. thaliana,Zoo_01,MYR2,Myb/SANT,G2-like
1276,M07258_2.00,4,499,264,27655,0.18494643339254344,-0.2520374030924266,-0.1847318326861747,0.19957414660526615,True,A. thaliana,OMalley2016,SPL9,SBP,.
1277,M07256_2.00,4,499,261,27655,0.18656777692628185,-0.23554928030385755,-0.17175390545654412,0.20116619452614742,True,A. thaliana,OMalley2016,SPL3,SBP,.
1278,M01757_2.00,4,499,187,27655,0.18744278597136377,0.24546225637839011,0.1784832820758133,0.20195164899807605,True,P. patens,Zoo_01,fgenesh1_pg.scaffold_37000071,bHLH,.
1279,M02699_2.00,1,499,146,27655,0.18762877419882332,-1.3974678426139902,-1.0155406620218843,0.20199410222342074,True,A. thaliana,JASPAR,MYB15,Myb/SANT,R2R3-MYB
1280,M00872_2.00,4,499,188,27655,0.18806629572392036,0.23776786458838944,0.17254553090031982,0.20230706909255444,True,A. thaliana,Franco_Zorrilla2014,ARR11,Myb/SANT,ARR-B
1281,M02647_2.00,2,499,191,27655,0.1891365547424255,-0.7850721117697218,-0.5677834060770545,0.20329966648600806,True,A. thaliana,JASPAR,ANT,AP2,ANT
1282,M06747_2.00,2,499,189,27655,0.19207444868821918,-0.769885707955046,-0.5516465178896502,0.2062966409137693,True,A. thaliana,OMalley2016,AtbZIP52,bZIP,.
1283,M06688_2.00,4,499,196,27655,0.19234629495878602,0.17764687215081887,0.127180269176805,0.2064277215367657,True,A. thaliana,OMalley2016,AIL7,AP2,ANT
1284,M01046_2.00,3,499,226,27655,0.1926255527976969,-0.4428597454280045,-0.31677142100954514,0.20656654611301659,True,A. thaliana,Stam_Arabidopsis,RAP2-12,AP2,ERF
1285,M01755_2.00,4,499,247,27655,0.19289949535392129,-0.15601051531865073,-0.11149586469984109,0.20669945925171346,True,Oryza sativa,Zoo_01,OS08G0506700,bHLH,.
1286,M02048_2.00,4,499,198,27655,0.1932213513311465,0.1630000961864173,0.11637308490933246,0.20688346708183364,True,A. thaliana,Zoo_01,ATML1,Homeodomain,HD-GL2
1287,M01094_2.00,4,499,199,27655,0.19362998008177168,0.15573209572237812,0.1110412511876029,0.20716002527382094,True,A. thaliana,TF_Evolution,TINY,AP2,DREB
1288,M02270_2.00,4,499,241,27655,0.1949088453675982,-0.12053261996393465,-0.08559846404500429,0.20836647704930203,True,Medicago truncatula,Zoo_01,MTR_3g085960,Trihelix,MADF
1289,M01641_2.00,4,499,203,27655,0.19507367933659758,0.12702079908085084,0.09015953144043157,0.2083810311052957,True,P. patens,Zoo_01,fgenesh1_pg.scaffold_1000495,AP2,DREB
1290,M01855_2.00,4,499,206,27655,0.19595860331697396,0.10585618908280868,0.07492878595274247,0.20916417921827277,True,A. thaliana,Zoo_01,ZAT7,C2H2 ZF,.
1291,M00858_2.00,4,499,211,27655,0.19706477323912594,0.07125752755884175,0.05026441877037336,0.20971089015494307,True,A. thaliana,Franco_Zorrilla2014,AT3G53600,C2H2 ZF,.
1292,M07260_2.00,4,499,232,27655,0.1970153013710606,-0.0656242788615451,-0.046297931536082755,0.20971089015494307,True,A. thaliana,OMalley2016,SPL1,SBP,.
1293,M06742_2.00,4,499,231,27655,0.19717751700685285,-0.05939232515003068,-0.04188005896942812,0.20971089015494307,True,A. thaliana,OMalley2016,BHLH28,bHLH,.
1294,M00976_2.00,4,499,233,27655,0.1968382662026875,-0.07182942838825339,-0.050703708892131175,0.20971089015494307,True,A. thaliana,Lindemose2014,NAC055,NAC/NAM,.
1295,M02313_2.00,4,499,212,27655,0.1972317225259842,0.06443626170282768,0.04542906150602988,0.20971089015494307,True,A. thaliana,Zoo_01,ARR18,Myb/SANT,ARR-B
1296,M02565_2.00,4,499,223,27655,0.19792203798642893,-0.008543183654277987,-0.00601017964251481,0.20981341020898603,True,A. thaliana,Zoo_01,WRKY48,WRKY,.
1297,M01159_2.00,4,499,220,27655,0.19793717944243966,0.010997002741367305,0.007736090359424841,0.20981341020898603,True,C. sativa,TF_Evolution,PK20942.1,bZIP,.
1298,M07291_2.00,4,499,217,27655,0.19780189454176536,0.03080548382154779,0.021679961580791243,0.20981341020898603,True,A. thaliana,OMalley2016,TCP17,TCP,.
1299,M07262_2.00,4,499,214,27655,0.1975123148656655,0.05088972986487996,0.03584702194553758,0.20981341020898603,True,A. thaliana,OMalley2016,SPL5,SBP,.
1300,M02566_2.00,3,499,218,27655,0.19995688071433493,-0.3908651077897433,-0.2732395876466504,0.21179137711326174,True,A. thaliana,Zoo_01,WRKY27,WRKY,.
1301,M06769_2.00,2,499,180,27655,0.2052756898133415,-0.6994963800636478,-0.4810174153132067,0.21725798814345973,True,A. thaliana,OMalley2016,BZIP18,bZIP,.
1302,M02309_2.00,2,499,179,27655,0.20673436622137972,-0.6914590609982295,-0.47336410752391744,0.21729973810302156,True,A. thaliana,Zoo_01,MYR1,Myb/SANT,G2-like
1303,M01050_2.00,3,499,210,27655,0.2067131440734484,-0.33692630067893947,-0.23067049589435445,0.21729973810302156,True,A. thaliana,Stam_Arabidopsis,RAP2-3,AP2,ERF
1304,M01643_2.00,3,499,210,27655,0.2067131440734484,-0.33692630067893947,-0.23067049589435445,0.21729973810302156,True,C. sativa,Zoo_01,PK19363.1,AP2,ERF
1305,M01099_2.00,3,499,210,27655,0.2067131440734484,-0.33692630067893947,-0.23067049589435445,0.21729973810302156,True,C. sativa,TF_Evolution,PK17878.1,AP2,ERF
1306,M01644_2.00,3,499,210,27655,0.2067131440734484,-0.33692630067893947,-0.23067049589435445,0.21729973810302156,True,O. tauri,Zoo_01,100010458,AP2,ERF
1307,M01628_2.00,2,499,62,27655,0.20672504163210942,0.8381604058791516,0.5738104071761538,0.21729973810302156,True,A. thaliana,Zoo_01,ERF106,AP2,ERF
1308,M02648_2.00,3,499,128,27655,0.2064533435608749,0.3773192169871833,0.25853085635190765,0.21729973810302156,True,Zea mays,JASPAR,ABI4,AP2,ERF
1309,M01607_2.00,3,499,210,27655,0.2067131440734484,-0.33692630067893947,-0.23067049589435445,0.21729973810302156,True,A. thaliana,Zoo_01,ERF3,AP2,ERF
1310,M01615_2.00,3,499,210,27655,0.2067131440734484,-0.33692630067893947,-0.23067049589435445,0.21729973810302156,True,A. thaliana,Zoo_01,ERF13,AP2,ERF
1311,M01712_2.00,3,499,207,27655,0.20906946046266806,-0.31616774051214214,-0.214902185685234,0.2195866741749669,True,A. thaliana,Zoo_01,MYC3,bHLH,.
1312,M00725_2.00,2,499,63,27655,0.20965733698181913,0.8150767927661104,0.5530213999896685,0.220036413070028,True,A. thaliana,Chang2013,EIN3,EIN3,.
1313,M07284_2.00,3,499,204,27655,0.2113168463189507,-0.29510612498431255,-0.19921607575637837,0.2214407712756761,True,A. thaliana,OMalley2016,TCP13,TCP,.
1314,M01611_2.00,3,499,204,27655,0.2113168463189507,-0.29510612498431255,-0.19921607575637837,0.2214407712756761,True,A. thaliana,Zoo_01,DREB2D,AP2,DREB
1315,M11057_2.00,1,499,135,27655,0.21209805852903213,-1.2844588807848039,-0.8650359253585498,0.2220905202530443,True,Zea mays,Transfac,MYBP_MAIZE,Myb/SANT,R2R3-MYB
1316,M00962_2.00,3,499,137,27655,0.2152531779618287,0.2792871340266564,0.1862986022806887,0.22420172277505665,True,A. thaliana,LehtiShiu2015,DREB1F,AP2,DREB
1317,M00720_2.00,3,499,136,27655,0.2144040033233557,0.289856375736844,0.19384641066272035,0.22420172277505665,True,A. thaliana,Chang2013,ERF1A,AP2,ERF
1318,M00965_2.00,3,499,137,27655,0.2152531779618287,0.2792871340266564,0.1862986022806887,0.22420172277505665,True,A. lyrata,LehtiShiu2015,DDF2,AP2,DREB
1319,M00964_2.00,3,499,137,27655,0.2152531779618287,0.2792871340266564,0.1862986022806887,0.22420172277505665,True,A. lyrata,LehtiShiu2015,DDF1,AP2,DREB
1320,M02301_2.00,3,499,199,27655,0.2147983003903737,-0.2593054035564657,-0.1732080124286595,0.22420172277505665,True,A. thaliana,Zoo_01,MYB98,Myb/SANT,R2R3-MYB
1321,M00963_2.00,3,499,137,27655,0.2152531779618287,0.2792871340266564,0.1862986022806887,0.22420172277505665,True,A. thaliana,LehtiShiu2015,DREB1E,AP2,DREB
1322,M00840_2.00,3,499,137,27655,0.2152531779618287,0.2792871340266564,0.1862986022806887,0.22420172277505665,True,A. thaliana,Franco_Zorrilla2014,DREB1F,AP2,DREB
1323,M01635_2.00,1,499,133,27655,0.216728274331681,-1.2629257192351626,-0.8386893026070035,0.22556764503705165,True,Oryza sativa,Zoo_01,DREB1G,AP2,DREB
1324,M02265_2.00,2,499,171,27655,0.21827071532388717,-0.625495798619871,-0.41345555530083256,0.22700154393684266,True,A. thaliana,Zoo_01,GT-4,Trihelix,MADF
1325,M02692_2.00,1,499,132,27655,0.2190624450651805,-1.2520374030924266,-0.8256336155150502,0.22748157445351824,True,A. thaliana,JASPAR,LFY,Leafy,.
1326,M01157_2.00,3,499,142,27655,0.2190241684275865,0.227572097482501,0.15008560973700918,0.22748157445351824,True,C. sativa,TF_Evolution,PK16335.1,bZIP,.
1327,M01775_2.00,1,499,131,27655,0.22140889880075254,-1.2410662852714234,-0.8126563196592208,0.22964611023500567,True,A. thaliana,Zoo_01,AT2G21230,bZIP,.
1328,M02703_2.00,3,499,146,27655,0.2214801745299873,0.1874946581071661,0.12274621714812176,0.22964611023500567,True,Hordeum vulgare,JASPAR,Gam1,Myb/SANT,R2R3-MYB
1329,M02700_2.00,3,499,186,27655,0.22204872725051666,-0.16183959412084806,-0.10577054377356329,0.23006251590316687,True,A. thaliana,JASPAR,RAX3,Myb/SANT,R2R3-MYB
1330,M00727_2.00,3,499,149,27655,0.22300263855724275,0.15815069652502145,0.1030652271603777,0.2307039308797902,True,A. thaliana,Chang2013,GATA4,GATA,.
1331,M01067_2.00,3,499,149,27655,0.22300263855724275,0.15815069652502145,0.1030652271603777,0.2307039308797902,True,A. thaliana,Stam_Arabidopsis,LBD30,LOB,.
1332,M01085_2.00,3,499,183,27655,0.2232985442845304,-0.1383806212968592,-0.09010157482064331,0.23083675470673884,True,A. thaliana,Stam_Arabidopsis,AT4G00390,Storekeeper,.
1333,M00850_2.00,3,499,181,27655,0.22403379107117546,-0.12252667009602217,-0.07960392001850947,0.2312498607461272,True,A. thaliana,Franco_Zorrilla2014,RAP2-10,AP2,DREB
1334,M01777_2.00,2,499,167,27655,0.22390996015488532,-0.5913475762080255,-0.3843325121317326,0.2312498607461272,True,A. thaliana,Zoo_01,BZIP18,bZIP,.
1335,M00882_2.00,3,499,154,27655,0.22494857720550104,0.11053267629228171,0.0716159723249139,0.23167349730133066,True,A. thaliana,Franco_Zorrilla2014,MYB111,Myb/SANT,R2R3-MYB
1336,M01696_2.00,3,499,154,27655,0.22494857720550104,0.11053267629228171,0.0716159723249139,0.23167349730133066,True,A. thaliana,Zoo_01,AT1G51120,AP2,B3
1337,M07275_2.00,3,499,153,27655,0.2246174494321504,0.11993137429453159,0.0777822733777897,0.23167349730133066,True,A. thaliana,OMalley2016,TCP3,TCP,.
1338,M01624_2.00,3,499,177,27655,0.22525740065203456,-0.0902863330958143,-0.058444233260810774,0.23181829581665692,True,A. thaliana,Zoo_01,DREB1A,AP2,DREB
1339,M01901_2.00,3,499,174,27655,0.22594882353153292,-0.06562427886154526,-0.042392622363593126,0.23235632748242716,True,A. thaliana,Zoo_01,CMTA2,CG-1,.
1340,M00971_2.00,3,499,165,27655,0.2267668679810979,0.010997002741367305,0.007086692885707183,0.23285003284497238,True,A. thaliana,Lindemose2014,NAC012,NAC/NAM,.
1341,M02278_2.00,3,499,163,27655,0.22667666892453814,0.028591062756105776,0.018429604006056467,0.23285003284497238,True,Ricinus communis,Zoo_01,29929.m004704,Trihelix,MADF
1342,M06744_2.00,2,499,161,27655,0.2321312475682661,-0.53856016184859,-0.34159061208559255,0.23818083332023135,True,A. thaliana,OMalley2016,AT1G06070,bZIP,.
1343,M00718_2.00,2,499,73,27655,0.23522307741053952,0.6025321573860098,0.3787035552288733,0.24117366121407996,True,A. thaliana,Chang2013,ERF15,AP2,ERF
1344,M00877_2.00,2,499,157,27655,0.2374098737495719,-0.5022640326256,-0.3136645026088333,0.2432348000200075,True,A. thaliana,Franco_Zorrilla2014,MYB46,Myb/SANT,R2R3-MYB
1345,M01049_2.00,1,499,123,27655,0.24057840256670288,-1.1501577890732129,-0.7116524985571593,0.24575021403774394,True,A. thaliana,Stam_Arabidopsis,DREB2C,AP2,.
1346,M01267_2.00,1,499,123,27655,0.24057840256670288,-1.1501577890732129,-0.7116524985571593,0.24575021403774394,True,A. thaliana,TF_Evolution,MYB124,Myb/SANT,R2R3-MYB
1347,M01101_2.00,1,499,123,27655,0.24057840256670288,-1.1501577890732129,-0.7116524985571593,0.24575021403774394,True,C. sativa,TF_Evolution,PK24580.1,AP2,ERF
1348,M01632_2.00,1,499,123,27655,0.24057840256670288,-1.1501577890732129,-0.7116524985571593,0.24575021403774394,True,A. thaliana,Zoo_01,ERF105,AP2,ERF
1349,M01756_2.00,2,499,76,27655,0.24155043123180278,0.5444292028224412,0.33590856225427623,0.2465603661017957,True,P. patens,Zoo_01,e_gw1.209.40.1,bHLH,.
1350,M01308_2.00,2,499,78,27655,0.24542705619321137,0.5069544974037785,0.30928156371433263,0.250331964051995,True,A. thaliana,TF_Evolution,SPL9,SBP,.
1351,M01900_2.00,2,499,79,27655,0.2472637464420881,0.4885759680889239,0.2964872229534409,0.25201881848905133,True,A. thaliana,Zoo_01,CMTA3,CG-1,.
1352,M02291_2.00,2,499,147,27655,0.24965560440707849,-0.4073156285703376,-0.24547229914584626,0.2542686052276084,True,A. thaliana,Zoo_01,AT1G74840,Myb/SANT,MYB-related
1353,M02269_2.00,2,499,140,27655,0.25717828865754266,-0.33692630067893964,-0.19870757487215113,0.26173684030287575,True,G. max,Zoo_01,GLYMA11G37390,Trihelix,MADF
1354,M02476_2.00,1,499,115,27655,0.2602906203286916,-1.0531333346783482,-0.6156001197492242,0.26470883750032254,True,A. thaliana,Zoo_01,SPL7,SBP,.
1355,M02483_2.00,2,499,92,27655,0.2651935713806676,0.2687947602090138,0.15494324733388706,0.26929752495398673,True,C. sativa,Zoo_01,PK22320.1,SBP,.
1356,M01707_2.00,2,499,92,27655,0.2651935713806676,0.2687947602090138,0.15494324733388706,0.26929752495398673,True,A. thaliana,Zoo_01,MYC4,bHLH,.
1357,M00846_2.00,2,499,129,27655,0.2666560897678291,-0.21887053915722735,-0.12564230330808254,0.2705832781296528,True,A. thaliana,Franco_Zorrilla2014,DREB2C,AP2,DREB
1358,M01701_2.00,1,499,112,27655,0.2677640947791842,-1.0149982057915774,-0.5808303473121552,0.27150766931987924,True,A. thaliana,Zoo_01,BIM2,bHLH,.
1359,M02031_2.00,2,499,103,27655,0.27241358896679924,0.10585618908280868,0.05978453032868918,0.27562402039092887,True,A. thaliana,Zoo_01,RGL2,GRAS,.
1360,M02327_2.00,2,499,118,27655,0.2724237414894377,-0.0902863330958143,-0.05098966226641303,0.27562402039092887,True,Oryza sativa,Zoo_01,OS02G0187700,Myb/SANT,MYB-related
1361,M02015_2.00,2,499,102,27655,0.2720308878637314,0.1199313742945313,0.06780701399797352,0.27562402039092887,True,Oryza sativa,Zoo_01,OS06G0698900,GATA,.
1362,M01621_2.00,2,499,115,27655,0.2732170820086965,-0.05313333467834835,-0.02994021706326552,0.27581914945639835,True,A. thaliana,Zoo_01,ERF6,AP2,ERF
1363,M02268_2.00,2,499,116,27655,0.2729932562708789,-0.0656242788615451,-0.03700212371400262,0.27581914945639835,True,A. lyrata,Zoo_01,fgenesh2_kg.5__353__AT3G25990.1,Trihelix,MADF
1364,M00887_2.00,2,499,115,27655,0.2732170820086965,-0.05313333467834835,-0.02994021706326552,0.27581914945639835,True,A. thaliana,Franco_Zorrilla2014,SPL1,SBP,.
1365,M02361_2.00,2,499,109,27655,0.2736552169117899,0.024172391489100296,0.013604131721937612,0.2758893253463375,True,O. tauri,Zoo_01,1200010153,Myb/SANT,MYB
1366,M01702_2.00,2,499,111,27655,0.2736870157826149,-0.002059150084078914,-0.001158778073396671,0.2758893253463375,True,A. thaliana,Zoo_01,AT2G18300,bHLH,.
1367,M01699_2.00,1,499,96,27655,0.30729407133040176,-0.7926057844551294,-0.4061675200183825,0.30954037302141346,True,A. thaliana,Zoo_01,MYC2,bHLH,.
1368,M00865_2.00,1,499,93,27655,0.3144292918844283,-0.7468020948420043,-0.37525087796884593,0.3162653753406877,True,A. thaliana,Franco_Zorrilla2014,ATHB-12,Homeodomain,HD-ZIP
1369,M02492_2.00,1,499,93,27655,0.3144292918844283,-0.7468020948420043,-0.37525087796884593,0.3162653753406877,True,A. thaliana,Zoo_01,STKL1,Storekeeper,.
1370,M02493_2.00,1,499,31,27655,0.3241891324597233,0.8381604058791516,0.4100293678270693,0.3258443650835147,True,A. thaliana,Zoo_01,GEBP,Storekeeper,.
1371,M01711_2.00,1,499,81,27655,0.3408218132338865,-0.5474932866185979,-0.25593811968054375,0.3418140164747421,True,A. thaliana,Zoo_01,BIM3,bHLH,.
1372,M01713_2.00,1,499,81,27655,0.3408218132338865,-0.5474932866185979,-0.25593811968054375,0.3418140164747421,True,A. thaliana,Zoo_01,BHLH78,bHLH,.
1373,M01708_2.00,1,499,81,27655,0.3408218132338865,-0.5474932866185979,-0.25593811968054375,0.3418140164747421,True,A. thaliana,Zoo_01,BEE2,bHLH,.
1374,M01968_2.00,1,499,40,27655,0.35512323283156577,0.4704286213786645,0.21151454690654523,0.3558980471577437,True,P. patens,Zoo_01,e_gw1.38.2.1,E2F,.
1375,M02470_2.00,1,499,63,27655,0.36796641698470245,-0.18492320723388955,-0.08029214318144284,0.36850125189311045,True,A. thaliana,Zoo_01,SPL14,SBP,.
1376,M02478_2.00,1,499,58,27655,0.37105779845081543,-0.0656242788615451,-0.02825508690274148,0.37132726671403316,True,Prunus persica,Zoo_01,PRUPE_ppa000682mg,SBP,.
1377,M02512_2.00,1,499,54,27655,0.3715684857305739,0.03746921410255827,0.01611030553977506,0.3715684857305739,True,Oryza sativa,Zoo_01,OS02G0635800,TCP,.
